_42_btc;5/8;15;None;0.25;0.0;0.199128956822;0.435521589135;12;0.199629172672;0.185413664006;-0.000500215850256
_42_btc;5/8;15;None;0.0;-0.1;0.198885693447;0.557153276599;12;0.199935489544;0.0322552278533;-0.00104979609749
_42_btc;5/8;15;None;0.0;0.0;0.198519504562;0.740247718802;30;0.199726713021;0.136643489527;-0.00120720845855
_42_btc;5/8;15;None;0.1;0.0;0.198925534777;0.537232611603;18;0.199629172672;0.185413664006;-0.000703637895193
_42_btc;5/8;15;None;0.1;-0.1;0.199226155171;0.386922414397;10;0.199935489544;0.0322552278533;-0.000709334373087
_42_btc;5/8;15;None;0.25;-0.1;0.19951077516;0.244612419821;8;0.199935489544;0.0322552278533;-0.000424714383936
_42_btc;5/8;15;None;0.0;-0.25;0.198885693447;0.557153276599;12;0.199935489544;0.0322552278533;-0.00104979609749
_42_btc;5/8;15;None;0.1;-0.25;0.199226155171;0.386922414397;10;0.199935489544;0.0322552278533;-0.000709334373087
_42_btc;5/8;15;None;0.25;-0.25;0.19951077516;0.244612419821;8;0.199935489544;0.0322552278533;-0.000424714383936
_42_btc;10/21;15;None;0.0;0.0;0.198607385324;0.696307337941;14;0.199629172672;0.185413664006;-0.00102178734787
_42_btc;10/21;15;None;0.1;0.0;0.198607385324;0.696307337941;14;0.199629172672;0.185413664006;-0.00102178734787
_42_btc;10/21;15;None;0.25;0.0;0.199107627742;0.446186128791;8;0.19961674747;0.19162626476;-0.000509119728062
_42_btc;10/21;15;None;0.0;-0.1;0.198784731644;0.607634178184;12;0.199629172672;0.185413664006;-0.000844441028355
_42_btc;10/21;15;None;0.1;-0.1;0.198784731644;0.607634178184;12;0.199629172672;0.185413664006;-0.000844441028355
_42_btc;10/21;15;None;0.25;-0.1;0.199107627742;0.446186128791;8;0.19961674747;0.19162626476;-0.000509119728062
_42_btc;10/21;15;None;0.1;-0.25;0.199205108991;0.397445504334;8;0.199629172672;0.185413664006;-0.000424063680656
_42_btc;10/21;15;None;0.25;-0.25;0.199107627756;0.446186122065;8;0.19961674747;0.19162626476;-0.000509119714609
_42_btc;20/50;15;None;0.0;0.0;0.195647408236;2.17629588203;9;0.19961674747;0.19162626476;-0.00396933923453
_42_btc;20/50;15;None;0.1;0.0;0.195667394092;2.16630295401;9;0.19961674747;0.19162626476;-0.0039493533785
_42_btc;10/21;15;None;0.0;-0.25;0.199205108991;0.397445504334;8;0.199629172672;0.185413664006;-0.000424063680656
_42_btc;20/50;15;None;0.0;-0.1;0.195821938396;2.08903080219;7;0.19961674747;0.19162626476;-0.00379480907485
_42_btc;20/50;15;None;0.1;-0.1;0.195841941198;2.07902940099;7;0.19961674747;0.19162626476;-0.00377480627245
_42_btc;20/50;15;None;0.0;-0.25;0.195900698331;2.04965083444;5;0.19961674747;0.19162626476;-0.00371604913935
_42_btc;20/50;15;None;0.25;-0.1;0.195817022041;2.09148897965;5;0.19961674747;0.19162626476;-0.00379972542977
_42_btc;20/50;15;None;0.25;0.0;0.195817022041;2.09148897965;5;0.19961674747;0.19162626476;-0.00379972542977
_42_btc;20/50;15;None;0.1;-0.25;0.195900698331;2.04965083444;5;0.19961674747;0.19162626476;-0.00371604913935
_42_btc;20/50;15;None;0.25;-0.25;0.195817022041;2.09148897965;5;0.19961674747;0.19162626476;-0.00379972542977
_42_btc;50/200;15;None;0.0;0.0;0.19533060836;2.33469582013;9;0.199604162107;0.197918946328;-0.00427355374761
_42_btc;50/200;15;None;0.1;0.0;0.195749861564;2.125069218;5;0.199604162107;0.197918946328;-0.00385430054334
_42_btc;50/200;15;None;0.25;0.0;0.19562199142;2.18900428976;5;0.199604162107;0.197918946328;-0.00398217068687
_42_btc;50/200;15;None;0.0;-0.1;0.19533060836;2.33469582013;9;0.199604162107;0.197918946328;-0.00427355374761
_42_btc;50/200;15;None;0.1;-0.1;0.195749861564;2.125069218;5;0.199604162107;0.197918946328;-0.00385430054334
_42_btc;50/200;15;None;0.25;-0.1;0.19562199142;2.18900428976;5;0.199604162107;0.197918946328;-0.00398217068687
_42_btc;50/200;15;None;0.0;-0.25;0.195718403937;2.14079803168;5;0.199604162107;0.197918946328;-0.0038857581707
_42_btc;50/200;15;None;0.1;-0.25;0.195767213838;2.11639308119;5;0.199604162107;0.197918946328;-0.00383694826972
_42_btc;50/200;15;None;0.25;-0.25;0.195638736489;2.18063175553;5;0.199604162107;0.197918946328;-0.00396542561841
_42_btc;5/8;30;None;0.0;0.0;0.195203030579;2.39848471026;17;0.199726713028;0.136643486177;-0.00452368244816
_42_btc;5/8;30;None;0.1;0.0;0.195245360616;2.37731969206;15;0.199616747477;0.191626261509;-0.00437138686109
_42_btc;5/8;30;None;0.25;0.0;0.195508084358;2.24595782103;7;0.199616747477;0.191626261509;-0.00410866311905
_42_btc;5/8;30;None;0.0;-0.1;0.195617613762;2.19119311907;9;0.199935489551;0.0322552243151;-0.0043178757895
_42_btc;5/8;30;None;0.1;-0.1;0.195617613762;2.19119311907;9;0.199935489551;0.0322552243151;-0.0043178757895
_42_btc;5/8;30;None;0.0;-0.25;0.195617613762;2.19119311907;9;0.199935489551;0.0322552243151;-0.0043178757895
_42_btc;5/8;30;None;0.25;-0.1;0.195508084358;2.24595782103;7;0.199616747477;0.191626261509;-0.00410866311905
_42_btc;5/8;30;None;0.1;-0.25;0.195617613762;2.19119311907;9;0.199935489551;0.0322552243151;-0.0043178757895
_42_btc;5/8;30;None;0.25;-0.25;0.195508084358;2.24595782103;7;0.199616747477;0.191626261509;-0.00410866311905
_42_btc;10/21;30;None;0.0;0.0;0.195711957814;2.14402109312;9;0.199616747477;0.191626261509;-0.00390478966322
_42_btc;10/21;30;None;0.1;0.0;0.195774394115;2.11280294235;7;0.199616747477;0.191626261509;-0.00384235336168
_42_btc;10/21;30;None;0.25;0.0;0.195817022054;2.09148897315;5;0.199616747477;0.191626261509;-0.00379972542327
_42_btc;10/21;30;None;0.25;-0.1;0.195817022054;2.09148897315;5;0.199616747477;0.191626261509;-0.00379972542327
_42_btc;10/21;30;None;0.0;-0.25;0.195945315028;2.02734248603;5;0.199616747477;0.191626261509;-0.00367143244904
_42_btc;10/21;30;None;0.0;-0.1;0.195945315041;2.02734247931;5;0.199616747477;0.191626261509;-0.00367143243559
_42_btc;10/21;30;None;0.1;-0.1;0.195965330447;2.01733477674;5;0.199616747477;0.191626261509;-0.00365141703045
_42_btc;10/21;30;None;0.1;-0.25;0.195965330433;2.0173347835;5;0.199616747477;0.191626261509;-0.00365141704397
_42_btc;10/21;30;None;0.25;-0.25;0.195817022041;2.09148897965;5;0.199616747477;0.191626261509;-0.00379972543627
_42_btc;20/50;30;None;0.1;0.0;0.195965330433;2.0173347835;5;0.199616747477;0.191626261509;-0.00365141704397
_42_btc;20/50;30;None;0.0;0.0;0.195945315028;2.02734248603;5;0.199616747477;0.191626261509;-0.00367143244904
_42_btc;20/50;30;None;0.25;0.0;0.195817022041;2.09148897965;5;0.199604162137;0.197918931379;-0.00378714009653
_42_btc;20/50;30;None;0.0;-0.1;0.195945315122;2.02734243896;5;0.199616747477;0.191626261509;-0.00367143235489
_42_btc;20/50;30;None;0.1;-0.1;0.195965330528;2.01733473618;5;0.199616747477;0.191626261509;-0.00365141694933
_42_btc;20/50;30;None;0.25;-0.1;0.195817022132;2.09148893414;5;0.199604162137;0.197918931379;-0.00378714000552
_42_btc;20/50;30;None;0.0;-0.25;0.195945315028;2.02734248603;5;0.199616747477;0.191626261509;-0.00367143244904
_42_btc;20/50;30;None;0.1;-0.25;0.195965330433;2.0173347835;5;0.199616747477;0.191626261509;-0.00365141704397
_42_btc;20/50;30;None;0.25;-0.25;0.195817022041;2.09148897965;5;0.199604162137;0.197918931379;-0.00378714009653
_42_btc;50/200;30;None;0.0;0.0;0.195842419353;2.0787903233;5;0.199570766673;0.214616663343;-0.0037283473199
_42_btc;50/200;30;None;0.1;0.0;0.195698821657;2.15058917154;5;0.199570766673;0.214616663343;-0.00387194501638
_42_btc;50/200;30;None;0.25;0.0;0.195698821657;2.15058917154;5;0.199570766673;0.214616663343;-0.00387194501638
_42_btc;50/200;30;None;0.1;-0.1;0.195698821657;2.15058917154;5;0.199570766673;0.214616663343;-0.00387194501638
_42_btc;50/200;30;None;0.25;-0.1;0.195698821657;2.15058917154;5;0.199570766673;0.214616663343;-0.00387194501638
_42_btc;50/200;30;None;0.0;-0.25;0.195779939596;2.11003020185;5;0.199570766673;0.214616663343;-0.00379082707701
_42_btc;50/200;30;None;0.1;-0.25;0.195638736502;2.18063174903;5;0.199570766673;0.214616663343;-0.00393203017138
_42_btc;50/200;30;None;0.25;-0.25;0.195638736502;2.18063174903;5;0.199570766673;0.214616663343;-0.00393203017138
_42_btc;5/8;60;None;0.0;0.0;0.195560713365;2.21964331741;9;0.20068961408;1.0034480704;-0.00512890071505
_42_btc;5/8;60;None;0.1;0.0;0.195480457796;2.25977110209;9;0.20068961408;1.0034480704;-0.00520915628441
_42_btc;50/200;30;None;0.0;-0.1;0.195842419353;2.0787903233;5;0.199570766673;0.214616663343;-0.0037283473199
_42_btc;5/8;60;None;0.25;0.0;0.195817022041;2.09148897965;5;0.20068961408;1.0034480704;-0.00487259203953
_42_btc;5/8;60;None;0.0;-0.1;0.195751441309;2.12427934529;7;0.20068961408;1.0034480704;-0.0049381727708
_42_btc;5/8;60;None;0.1;-0.1;0.195671107468;2.16444626609;7;0.20068961408;1.0034480704;-0.00501850661242
_42_btc;5/8;60;None;0.25;-0.1;0.195817022041;2.09148897965;5;0.20068961408;1.0034480704;-0.00487259203953
_42_btc;5/8;60;None;0.1;-0.25;0.195671107468;2.16444626609;7;0.20068961408;1.0034480704;-0.00501850661242
_42_btc;5/8;60;None;0.0;-0.25;0.195751441309;2.12427934529;7;0.20068961408;1.0034480704;-0.0049381727708
_42_btc;10/21;60;None;0.0;0.0;0.195754398145;2.12280092752;7;0.200673287138;1.00336643569;-0.00491888899254
_42_btc;5/8;60;None;0.25;-0.25;0.195817022041;2.09148897965;5;0.20068961408;1.0034480704;-0.00487259203953
_42_btc;10/21;60;None;0.25;0.0;0.195817022041;2.09148897965;5;0.200673287138;1.00336643569;-0.0048562650968
_42_btc;10/21;60;None;0.1;0.0;0.195817022041;2.09148897965;5;0.200673287138;1.00336643569;-0.0048562650968
_42_btc;10/21;60;None;0.0;-0.1;0.195945315028;2.02734248603;5;0.200673287138;1.00336643569;-0.00472797210957
_42_btc;10/21;60;None;0.1;-0.1;0.195817022041;2.09148897965;5;0.200673287138;1.00336643569;-0.0048562650968
_42_btc;10/21;60;None;0.25;-0.1;0.195817022041;2.09148897965;5;0.200673287138;1.00336643569;-0.0048562650968
_42_btc;10/21;60;None;0.0;-0.25;0.195945315028;2.02734248603;5;0.200673287138;1.00336643569;-0.00472797210957
_42_btc;10/21;60;None;0.1;-0.25;0.195817022041;2.09148897965;5;0.200673287138;1.00336643569;-0.0048562650968
_42_btc;10/21;60;None;0.25;-0.25;0.195817022041;2.09148897965;5;0.200673287138;1.00336643569;-0.0048562650968
_42_btc;20/50;60;None;0.1;0.0;0.195698821657;2.15058917154;5;0.200629963362;1.00314981681;-0.00493114170536
_42_btc;20/50;60;None;0.0;0.0;0.195842419353;2.0787903233;5;0.200629963362;1.00314981681;-0.00478754400888
_42_btc;20/50;60;None;0.25;0.0;0.195698821657;2.15058917154;5;0.200629963362;1.00314981681;-0.00493114170536
_42_btc;20/50;60;None;0.0;-0.1;0.195842419353;2.0787903233;5;0.200629963362;1.00314981681;-0.00478754400888
_42_btc;20/50;60;None;0.25;-0.1;0.195698821657;2.15058917154;5;0.200629963362;1.00314981681;-0.00493114170536
_42_btc;20/50;60;None;0.1;-0.1;0.195698821657;2.15058917154;5;0.200629963362;1.00314981681;-0.00493114170536
_42_btc;20/50;60;None;0.0;-0.25;0.19577993963;2.11003018495;5;0.200629963362;1.00314981681;-0.00485002373219
_42_btc;20/50;60;None;0.1;-0.25;0.195638736534;2.18063173278;5;0.200629963362;1.00314981681;-0.00499122682786
_42_btc;50/200;60;None;0.0;0.0;0.195779939745;2.11003012749;5;0.20068961408;1.0034480704;-0.00490967433521
_42_btc;20/50;60;None;0.25;-0.25;0.195638736534;2.18063173278;5;0.200629963362;1.00314981681;-0.00499122682786
_42_btc;50/200;60;None;0.1;0.0;0.195638736645;2.18063167752;5;0.200673287138;1.00336643569;-0.00503455049255
_42_btc;50/200;60;None;0.25;0.0;0.195637999146;2.18100042685;5;0.200629963362;1.00314981681;-0.00499196421599
_42_btc;50/200;60;None;0.0;-0.1;0.195779939745;2.11003012749;5;0.20068961408;1.0034480704;-0.00490967433521
_42_btc;50/200;60;None;0.1;-0.1;0.195638736645;2.18063167752;5;0.200673287138;1.00336643569;-0.00503455049255
_42_btc;50/200;60;None;0.25;-0.1;0.195637999146;2.18100042685;5;0.200629963362;1.00314981681;-0.00499196421599
_42_btc;50/200;60;None;0.0;-0.25;0.195779939752;2.11003012411;5;0.20068961408;1.0034480704;-0.00490967432845
_42_btc;50/200;60;None;0.1;-0.25;0.195638736651;2.18063167427;5;0.200673287138;1.00336643569;-0.00503455048605
_42_btc;50/200;60;None;0.25;-0.25;0.195637999153;2.1810004236;5;0.200629963362;1.00314981681;-0.00499196420949
_42_btc;5/8;120;None;0.0;0.0;0.195773793544;2.11310322808;7;0.199955927039;0.0220364806872;-0.00418213349479
_42_btc;5/8;120;None;0.1;0.0;0.195760439871;2.11978006428;7;0.199955927039;0.0220364806872;-0.00419548716718
_42_btc;5/8;120;None;0.0;-0.1;0.195965330433;2.0173347835;5;0.199955927039;0.0220364806872;-0.00399059660562
_42_btc;5/8;120;None;0.25;0.0;0.195816247431;2.09187628432;5;0.199955927039;0.0220364806872;-0.00413967960726
_42_btc;5/8;120;None;0.1;-0.1;0.195951964285;2.02401785728;5;0.199955927039;0.0220364806872;-0.00400396275318
_42_btc;5/8;120;None;0.25;-0.1;0.195816247431;2.09187628432;5;0.199955927039;0.0220364806872;-0.00413967960726
_42_btc;5/8;120;None;0.0;-0.25;0.195965330433;2.0173347835;5;0.199955927039;0.0220364806872;-0.00399059660562
_42_btc;5/8;120;None;0.1;-0.25;0.195951964285;2.02401785728;5;0.199955927039;0.0220364806872;-0.00400396275318
_42_btc;5/8;120;None;0.25;-0.25;0.195816247431;2.09187628432;5;0.199955927039;0.0220364806872;-0.00413967960726
_42_btc;10/21;120;None;0.0;0.0;0.196026007526;1.986996237;5;0.199955927039;0.0220364806872;-0.00392991951262
_42_btc;10/21;120;None;0.25;0.0;0.195874586865;2.06270656741;5;0.199955927039;0.0220364806872;-0.00408134017345
_42_btc;10/21;120;None;0.1;0.0;0.195874586865;2.06270656741;5;0.199955927039;0.0220364806872;-0.00408134017345
_42_btc;10/21;120;None;0.0;-0.1;0.195779939596;2.11003020185;5;0.199955927039;0.0220364806872;-0.00417598744232
_42_btc;10/21;120;None;0.1;-0.1;0.195637999003;2.18100049835;5;0.199955927039;0.0220364806872;-0.00431792803532
_42_btc;10/21;120;None;0.25;-0.1;0.195637999003;2.18100049835;5;0.199955927039;0.0220364806872;-0.00431792803532
_42_btc;10/21;120;None;0.0;-0.25;0.195779939596;2.11003020185;5;0.199955927039;0.0220364806872;-0.00417598744232
_42_btc;10/21;120;None;0.1;-0.25;0.195637999003;2.18100049835;5;0.199955927039;0.0220364806872;-0.00431792803532
_42_btc;10/21;120;None;0.25;-0.25;0.195637999003;2.18100049835;5;0.199955927039;0.0220364806872;-0.00431792803532
_42_btc;20/50;120;None;0.0;0.0;0.19577993961;2.11003019509;5;0.199955927039;0.0220364806872;-0.0041759874288
_42_btc;20/50;120;None;0.1;0.0;0.195637999016;2.18100049185;5;0.199955927039;0.0220364806872;-0.00431792802232
_42_btc;20/50;120;None;0.25;0.0;0.195637999016;2.18100049185;5;0.199955927051;0.0220364743195;-0.00431792803506
_42_btc;20/50;120;None;0.0;-0.1;0.19577993961;2.11003019509;5;0.199955927039;0.0220364806872;-0.0041759874288
_42_btc;20/50;120;None;0.1;-0.1;0.195637999016;2.18100049185;5;0.199955927039;0.0220364806872;-0.00431792802232
_42_btc;20/50;120;None;0.25;-0.1;0.195637999016;2.18100049185;5;0.199955927051;0.0220364743195;-0.00431792803506
_42_btc;20/50;120;None;0.0;-0.25;0.195847540656;2.07622967186;5;0.199955927039;0.0220364806872;-0.00410838638235
_42_btc;20/50;120;None;0.1;-0.25;0.19570299565;2.1485021751;5;0.199955927039;0.0220364806872;-0.00425293138883
_42_btc;20/50;120;None;0.25;-0.25;0.19570299565;2.1485021751;5;0.199955927051;0.0220364743195;-0.00425293140156
_42_btc;50/200;120;None;0.0;0.0;0.196205103091;1.89744845466;5;0.199955927039;0.0220364806872;-0.00375082394795
_42_btc;50/200;120;None;0.1;0.0;0.196060477349;1.96976132575;5;0.199955927039;0.0220364806872;-0.00389544969012
_42_btc;50/200;120;None;0.25;0.0;0.196054375051;1.9728124747;5;0.199955927039;0.0220364806872;-0.00390155198802
_42_btc;50/200;120;None;0.0;-0.1;0.196008;1.996;3;0.200235487202;1.00117743601;-0.00422748720163
_42_btc;50/200;120;None;0.1;-0.1;0.196008;1.996;3;0.200086706337;1.00043353168;-0.00407870633673
_42_btc;50/200;120;None;0.25;-0.1;0.196008;1.996;3;0.200080428719;1.00040214359;-0.00407242871875
_42_btc;50/200;120;None;0.0;-0.25;0.196008;1.996;3;0.200235487202;1.00117743601;-0.00422748720163
_42_btc;50/200;120;None;0.1;-0.25;0.196008;1.996;3;0.200086706337;1.00043353168;-0.00407870633673
_42_btc;50/200;120;None;0.25;-0.25;0.196008;1.996;3;0.200080428719;1.00040214359;-0.00407242871875
_42_btc;5/8;240;None;0.1;0.0;0.195632546925;2.18372653726;5;0.199923830071;0.038084964584;-0.00429128314536
_42_btc;5/8;240;None;0.0;0.0;0.195809223159;2.09538842037;5;0.199923830071;0.038084964584;-0.00411460691156
_42_btc;5/8;240;None;0.25;0.0;0.195632546925;2.18372653726;5;0.199923830071;0.038084964584;-0.00429128314536
_42_btc;5/8;240;None;0.0;-0.1;0.195809223159;2.09538842037;5;0.199923830071;0.038084964584;-0.00411460691156
_42_btc;5/8;240;None;0.1;-0.1;0.195632546925;2.18372653726;5;0.199923830071;0.038084964584;-0.00429128314536
_42_btc;5/8;240;None;0.25;-0.1;0.195632546925;2.18372653726;5;0.199923830071;0.038084964584;-0.00429128314536
_42_btc;5/8;240;None;0.0;-0.25;0.195809224604;2.0953876981;5;0.199923830071;0.038084964584;-0.00411460546703
_42_btc;5/8;240;None;0.1;-0.25;0.195632548301;2.18372584936;5;0.199923830071;0.038084964584;-0.00429128176955
_42_btc;5/8;240;None;0.25;-0.25;0.195632548301;2.18372584936;5;0.199923830071;0.038084964584;-0.00429128176955
_42_btc;10/21;240;None;0.0;0.0;0.195632548301;2.18372584936;5;0.199923830071;0.038084964584;-0.00429128176955
_42_btc;10/21;240;None;0.1;0.0;0.199616901658;0.191549170808;4;0.200047319529;1.00023659764;-0.000430417870351
_42_btc;10/21;240;None;0.25;0.0;0.199616901658;0.191549170808;4;0.200047319529;1.00023659764;-0.000430417870351
_42_btc;10/21;240;None;0.0;-0.1;0.195632548301;2.18372584936;5;0.199923830071;0.038084964584;-0.00429128176955
_42_btc;10/21;240;None;0.1;-0.1;0.199616901658;0.191549170808;4;0.200047319529;1.00023659764;-0.000430417870351
_42_btc;10/21;240;None;0.0;-0.25;0.195632548301;2.18372584936;5;0.199923830071;0.038084964584;-0.00429128176955
_42_btc;10/21;240;None;0.25;-0.1;0.199616901658;0.191549170808;4;0.200047319529;1.00023659764;-0.000430417870351
_42_btc;10/21;240;None;0.1;-0.25;0.199616901658;0.191549170808;4;0.200047319529;1.00023659764;-0.000430417870351
_42_btc;10/21;240;None;0.25;-0.25;0.199616901658;0.191549170808;4;0.200047319529;1.00023659764;-0.000430417870351
_42_btc;20/50;240;None;0.0;0.0;0.195632548301;2.18372584936;5;0.199923830071;0.038084964584;-0.00429128176955
_42_btc;20/50;240;None;0.1;0.0;0.195632548301;2.18372584936;5;0.199923830071;0.038084964584;-0.00429128176955
_42_btc;20/50;240;None;0.25;0.0;0.199616901658;0.191549170808;4;0.200047319529;1.00023659764;-0.000430417870351
_42_btc;20/50;240;None;0.0;-0.1;0.196054375037;1.97281248128;5;0.199923830071;0.038084964584;-0.0038694550334
_42_btc;20/50;240;None;0.1;-0.1;0.196054375037;1.97281248128;5;0.199923830071;0.038084964584;-0.0038694550334
_42_btc;20/50;240;None;0.25;-0.1;0.200047319535;1.00023659768;4;0.200047319529;1.00023659764;6.62184196365e-12
_42_btc;20/50;240;None;0.0;-0.25;0.196054375037;1.97281248128;5;0.199923830071;0.038084964584;-0.0038694550334
_42_btc;20/50;240;None;0.25;-0.25;0.200047319535;1.00023659768;4;0.200047319529;1.00023659764;6.62184196365e-12
_42_btc;20/50;240;None;0.1;-0.25;0.196054375037;1.97281248128;5;0.199923830071;0.038084964584;-0.0038694550334
_42_btc;50/200;240;None;0.0;0.0;0.196054375037;1.97281248128;5;0.199923830071;0.038084964584;-0.0038694550334
_42_btc;50/200;240;None;0.1;0.0;0.196054375037;1.97281248128;5;0.199923830071;0.038084964584;-0.0038694550334
_42_btc;50/200;240;None;0.25;0.0;0.200176464286;1.00088232143;4;0.20017646428;1.0008823214;6.83356149445e-12
_42_btc;50/200;240;None;0.0;-0.1;0.196008;1.996;3;0.200047319529;1.00023659764;-0.00403931952874
_42_btc;50/200;240;None;0.1;-0.1;0.196008;1.996;3;0.200047319529;1.00023659764;-0.00403931952874
_42_btc;50/200;240;None;0.25;-0.1;0.196008;1.996;3;0.20017646428;1.0008823214;-0.00416846427958
_42_btc;50/200;240;None;0.0;-0.25;0.196008;1.996;3;0.200047319529;1.00023659764;-0.00403931952874
_42_btc;50/200;240;None;0.1;-0.25;0.196008;1.996;3;0.200047319529;1.00023659764;-0.00403931952874
_42_btc;50/200;240;None;0.25;-0.25;0.196008;1.996;3;0.20017646428;1.0008823214;-0.00416846427958
_42_btc;5/8;360;None;0.0;0.0;0.19600227579;1.9988621049;5;0.199622463385;0.18876830726;-0.00362018759529
_42_btc;5/8;360;None;0.1;0.0;0.196008;1.996;3;0.199623188531;0.188405734412;-0.00361518853118
_42_btc;5/8;360;None;0.25;0.0;0.196008;1.996;3;0.199623188531;0.188405734412;-0.00361518853118
_42_btc;5/8;360;None;0.0;-0.1;0.196008;1.996;3;0.199803186558;0.098406721042;-0.00379518655792
_42_btc;5/8;360;None;0.1;-0.1;0.196008;1.996;3;0.199623188531;0.188405734412;-0.00361518853118
_42_btc;5/8;360;None;0.25;-0.1;0.196008;1.996;3;0.199623188531;0.188405734412;-0.00361518853118
_42_btc;5/8;360;None;0.0;-0.25;0.196008;1.996;3;0.199803186558;0.098406721042;-0.00379518655792
_42_btc;5/8;360;None;0.1;-0.25;0.196008;1.996;3;0.199623188531;0.188405734412;-0.00361518853118
_42_btc;5/8;360;None;0.25;-0.25;0.196008;1.996;3;0.199623188531;0.188405734412;-0.00361518853118
_42_btc;10/21;360;None;0.1;0.0;0.196008;1.996;3;0.199623188531;0.188405734412;-0.00361518853118
_42_btc;10/21;360;None;0.0;0.0;0.19600227579;1.9988621049;5;0.199623188531;0.188405734412;-0.00362091274098
_42_btc;10/21;360;None;0.0;-0.1;0.196008;1.996;3;0.199803186558;0.098406721042;-0.00379518655792
_42_btc;10/21;360;None;0.25;0.0;0.196008;1.996;3;0.199623188531;0.188405734412;-0.00361518853118
_42_btc;10/21;360;None;0.25;-0.1;0.196008;1.996;3;0.199623188531;0.188405734412;-0.00361518853118
_42_btc;10/21;360;None;0.1;-0.1;0.196008;1.996;3;0.199623188531;0.188405734412;-0.00361518853118
_42_btc;10/21;360;None;0.0;-0.25;0.196008;1.996;3;0.199803186558;0.098406721042;-0.00379518655792
_42_btc;10/21;360;None;0.1;-0.25;0.196008;1.996;3;0.199623188531;0.188405734412;-0.00361518853118
_42_btc;10/21;360;None;0.25;-0.25;0.196008;1.996;3;0.199623188531;0.188405734412;-0.00361518853118
_42_btc;20/50;360;None;0.25;0.0;0.196008;1.996;3;0.199623188531;0.188405734412;-0.00361518853118
_42_btc;20/50;360;None;0.0;0.0;0.196008;1.996;3;0.199623188531;0.188405734412;-0.00361518853118
_42_btc;20/50;360;None;0.1;0.0;0.196008;1.996;3;0.199623188531;0.188405734412;-0.00361518853118
_42_btc;20/50;360;None;0.0;-0.1;0.196008;1.996;3;0.199623188531;0.188405734412;-0.00361518853118
_42_btc;20/50;360;None;0.1;-0.1;0.196008;1.996;3;0.199623188531;0.188405734412;-0.00361518853118
_42_btc;20/50;360;None;0.25;-0.1;0.196008;1.996;3;0.199623188531;0.188405734412;-0.00361518853118
_42_btc;20/50;360;None;0.0;-0.25;0.196008;1.996;3;0.199623188531;0.188405734412;-0.00361518853118
_42_btc;20/50;360;None;0.1;-0.25;0.196008;1.996;3;0.199623188531;0.188405734412;-0.00361518853118
_42_btc;20/50;360;None;0.25;-0.25;0.196008;1.996;3;0.199623188531;0.188405734412;-0.00361518853118
_42_btc;50/200;360;None;0.1;0.0;0.196008;1.996;3;0.199623188531;0.188405734412;-0.00361518853118
_42_btc;50/200;360;None;0.0;0.0;0.196008;1.996;3;0.199623188531;0.188405734412;-0.00361518853118
_42_btc;50/200;360;None;0.25;0.0;0.196008;1.996;3;0.199732283707;0.133858146271;-0.00372428370746
_42_btc;50/200;360;None;0.0;-0.1;0.196008;1.996;3;0.199623188531;0.188405734412;-0.00361518853118
_42_btc;50/200;360;None;0.25;-0.1;0.196008;1.996;3;0.199732283707;0.133858146271;-0.00372428370746
_42_btc;50/200;360;None;0.1;-0.1;0.196008;1.996;3;0.199623188531;0.188405734412;-0.00361518853118
_42_btc;50/200;360;None;0.0;-0.25;0.196008;1.996;3;0.199623188531;0.188405734412;-0.00361518853118
_42_btc;50/200;360;None;0.1;-0.25;0.196008;1.996;3;0.199623188531;0.188405734412;-0.00361518853118
_42_btc;50/200;360;None;0.25;-0.25;0.196008;1.996;3;0.199732283707;0.133858146271;-0.00372428370746
_42_btc;5/8;720;None;0.0;0.0;0.196008;1.996;3;0.199942823033;0.0285884834041;-0.00393482303319
_42_btc;5/8;720;None;0.1;0.0;0.196008;1.996;3;0.199919688547;0.0401557263294;-0.00391168854734
_42_btc;5/8;720;None;0.0;-0.1;0.196008;1.996;3;0.199942823033;0.0285884834041;-0.00393482303319
_42_btc;5/8;720;None;0.1;-0.1;0.196008;1.996;3;0.199919688547;0.0401557263294;-0.00391168854734
_42_btc;5/8;720;None;0.25;0.0;0.196008;1.996;3;0.199919688547;0.0401557263294;-0.00391168854734
_42_btc;5/8;720;None;0.25;-0.1;0.196008;1.996;3;0.199919688547;0.0401557263294;-0.00391168854734
_42_btc;5/8;720;None;0.0;-0.25;0.196008;1.996;3;0.199942823033;0.0285884834041;-0.00393482303319
_42_btc;5/8;720;None;0.25;-0.25;0.196008;1.996;3;0.199919688547;0.0401557263294;-0.00391168854734
_42_btc;5/8;720;None;0.1;-0.25;0.196008;1.996;3;0.199919688547;0.0401557263294;-0.00391168854734
_42_btc;10/21;720;None;0.1;0.0;0.196008;1.996;3;0.199919688547;0.0401557263294;-0.00391168854734
_42_btc;10/21;720;None;0.25;0.0;0.196008;1.996;3;0.199919688547;0.0401557263294;-0.00391168854734
_42_btc;10/21;720;None;0.0;-0.1;0.196008;1.996;3;0.1998043421;0.0978289501608;-0.00379634209968
_42_btc;10/21;720;None;0.1;-0.1;0.196008;1.996;3;0.199919688547;0.0401557263294;-0.00391168854734
_42_btc;10/21;720;None;0.0;0.0;0.196008;1.996;3;0.1998043421;0.0978289501608;-0.00379634209968
_42_btc;10/21;720;None;0.25;-0.1;0.196008;1.996;3;0.199919688547;0.0401557263294;-0.00391168854734
_42_btc;10/21;720;None;0.0;-0.25;0.196008;1.996;3;0.1998043421;0.0978289501608;-0.00379634209968
_42_btc;10/21;720;None;0.1;-0.25;0.196008;1.996;3;0.199919688547;0.0401557263294;-0.00391168854734
_42_btc;20/50;720;None;0.0;0.0;0.196008;1.996;3;0.1998043421;0.0978289501608;-0.00379634209968
_42_btc;20/50;720;None;0.1;0.0;0.196008;1.996;3;0.199919688547;0.0401557263294;-0.00391168854734
_42_btc;20/50;720;None;0.25;0.0;0.196008;1.996;3;0.199919688547;0.0401557263294;-0.00391168854734
_42_btc;10/21;720;None;0.25;-0.25;0.196008;1.996;3;0.199919688547;0.0401557263294;-0.00391168854734
_42_btc;20/50;720;None;0.0;-0.1;0.196008;1.996;3;0.1998043421;0.0978289501608;-0.00379634209968
_42_btc;20/50;720;None;0.1;-0.1;0.196008;1.996;3;0.199919688547;0.0401557263294;-0.00391168854734
_42_btc;20/50;720;None;0.25;-0.1;0.196008;1.996;3;0.199919688547;0.0401557263294;-0.00391168854734
_42_btc;20/50;720;None;0.0;-0.25;0.196008;1.996;3;0.1998043421;0.0978289501608;-0.00379634209968
_42_btc;20/50;720;None;0.1;-0.25;0.196008;1.996;3;0.199919688547;0.0401557263294;-0.00391168854734
_42_btc;20/50;720;None;0.25;-0.25;0.196008;1.996;3;0.199919688547;0.0401557263294;-0.00391168854734
_42_btc;50/200;720;None;0.0;0.0;0.196008;1.996;3;0.1998043421;0.0978289501608;-0.00379634209968
_42_btc;50/200;720;None;0.1;0.0;0.196008;1.996;3;0.199919688547;0.0401557263294;-0.00391168854734
_42_btc;50/200;720;None;0.0;-0.1;0.196008;1.996;3;0.1998043421;0.0978289501608;-0.00379634209968
_42_btc;50/200;720;None;0.1;-0.1;0.196008;1.996;3;0.199919688547;0.0401557263294;-0.00391168854734
_42_btc;50/200;720;None;0.0;-0.25;0.196008;1.996;3;0.1998043421;0.0978289501608;-0.00379634209968
_42_btc;50/200;720;None;0.1;-0.25;0.196008;1.996;3;0.199919688547;0.0401557263294;-0.00391168854734
_ac_btc;5/8;15;None;0.0;0.0;0.192652319089;3.67384045567;29;0.199988024;0.005988;-0.00733570491133
_ac_btc;5/8;15;None;0.25;0.0;0.193493162115;3.2534189427;21;0.199988024;0.005988;-0.0064948618854
_ac_btc;5/8;15;None;0.0;-0.1;0.192652319089;3.67384045567;29;0.199988024;0.005988;-0.00733570491133
_ac_btc;5/8;15;None;0.1;-0.1;0.193229273643;3.38536317865;23;0.199988024;0.005988;-0.00675875035731
_ac_btc;5/8;15;None;0.25;-0.1;0.193493162115;3.2534189427;21;0.199988024;0.005988;-0.0064948618854
_ac_btc;5/8;15;None;0.0;-0.25;0.192646093429;3.67695328562;27;0.199988024;0.005988;-0.00734193057123
_ac_btc;5/8;15;None;0.1;0.0;0.193229273643;3.38536317865;23;0.199988024;0.005988;-0.00675875035731
_ac_btc;5/8;15;None;0.1;-0.25;0.193324855777;3.33757211137;21;0.199988024;0.005988;-0.00666316822275
_ac_btc;5/8;15;None;0.25;-0.25;0.193569905188;3.21504740594;19;0.199988024;0.005988;-0.00641811881188
_ac_btc;10/21;15;None;0.0;0.0;0.194247990014;2.87600499306;15;0.199784665109;0.107667445255;-0.00553667509561
_ac_btc;10/21;15;None;0.1;0.0;0.194546611638;2.72669418089;11;0.199784665109;0.107667445255;-0.00523805347126
_ac_btc;10/21;15;None;0.25;0.0;0.194775097624;2.61245118808;9;0.199784665109;0.107667445255;-0.00500956748564
_ac_btc;10/21;15;None;0.0;-0.1;0.194562347959;2.7188260205;11;0.199784665109;0.107667445255;-0.00522231715049
_ac_btc;10/21;15;None;0.1;-0.1;0.194656363658;2.67181817107;9;0.199784665109;0.107667445255;-0.00512830145163
_ac_btc;10/21;15;None;0.25;-0.1;0.194656363658;2.67181817107;9;0.199784665109;0.107667445255;-0.00512830145163
_ac_btc;10/21;15;None;0.0;-0.25;0.194562347959;2.7188260205;11;0.199784665109;0.107667445255;-0.00522231715049
_ac_btc;10/21;15;None;0.1;-0.25;0.194656363658;2.67181817107;9;0.199784665109;0.107667445255;-0.00512830145163
_ac_btc;10/21;15;None;0.25;-0.25;0.194656363658;2.67181817107;9;0.199784665109;0.107667445255;-0.00512830145163
_ac_btc;20/50;15;None;0.0;0.0;0.199376548117;0.311725941402;8;0.198647811837;0.676094081633;0.000728736280462
_ac_btc;20/50;15;None;0.1;0.0;0.199744349061;0.127825469388;4;0.198647811837;0.676094081633;0.00109653722449
_ac_btc;20/50;15;None;0.25;0.0;0.199744349061;0.127825469388;4;0.198647811837;0.676094081633;0.00109653722449
_ac_btc;20/50;15;None;0.0;-0.1;0.19951063964;0.244680180192;6;0.198634411777;0.682794111675;0.000876227862965
_ac_btc;20/50;15;None;0.1;-0.1;0.199744349061;0.127825469388;4;0.198647811837;0.676094081633;0.00109653722449
_ac_btc;20/50;15;None;0.0;-0.25;0.199744349061;0.127825469388;4;0.198647811837;0.676094081633;0.00109653722449
_ac_btc;20/50;15;None;0.25;-0.1;0.199744349061;0.127825469388;4;0.198647811837;0.676094081633;0.00109653722449
_ac_btc;20/50;15;None;0.1;-0.25;0.199744349061;0.127825469388;4;0.198647811837;0.676094081633;0.00109653722449
_ac_btc;20/50;15;None;0.25;-0.25;0.199744349061;0.127825469388;4;0.198647811837;0.676094081633;0.00109653722449
_ac_btc;50/200;15;None;0.0;0.0;0.199744349061;0.127825469388;4;0.198647811837;0.676094081633;0.00109653722449
_ac_btc;50/200;15;None;0.1;0.0;0.199744349061;0.127825469388;4;0.198647811837;0.676094081633;0.00109653722449
_ac_btc;50/200;15;None;0.0;-0.1;0.199744349061;0.127825469388;4;0.198647811837;0.676094081633;0.00109653722449
_ac_btc;50/200;15;None;0.1;-0.1;0.199744349061;0.127825469388;4;0.198647811837;0.676094081633;0.00109653722449
_ac_btc;50/200;15;None;0.0;-0.25;0.199744349061;0.127825469388;4;0.198647811837;0.676094081633;0.00109653722449
_ac_btc;50/200;15;None;0.1;-0.25;0.199744349061;0.127825469388;4;0.198647811837;0.676094081633;0.00109653722449
_ac_btc;5/8;30;None;0.0;0.0;0.191725143699;4.13742815031;21;0.199757297971;0.121351014493;-0.00803215427164
_ac_btc;5/8;30;None;0.1;0.0;0.191725143699;4.13742815031;21;0.199757297971;0.121351014493;-0.00803215427164
_ac_btc;5/8;30;None;0.25;0.0;0.192491607061;3.75419646931;19;0.199757297971;0.121351014493;-0.00726569090963
_ac_btc;5/8;30;None;0.0;-0.1;0.191747887827;4.12605608633;21;0.199757297971;0.121351014493;-0.00800941014366
_ac_btc;5/8;30;None;0.1;-0.1;0.191747887827;4.12605608633;21;0.199757297971;0.121351014493;-0.00800941014366
_ac_btc;5/8;30;None;0.25;-0.1;0.192514442114;3.742778943;19;0.199757297971;0.121351014493;-0.00724285585701
_ac_btc;5/8;30;None;0.0;-0.25;0.191973086841;4.01345657927;19;0.199757297971;0.121351014493;-0.00778421112955
_ac_btc;5/8;30;None;0.1;-0.25;0.191973086841;4.01345657927;19;0.199757297971;0.121351014493;-0.00778421112955
_ac_btc;5/8;30;None;0.25;-0.25;0.192740541411;3.62972929468;17;0.199757297971;0.121351014493;-0.00701675656038
_ac_btc;10/21;30;None;0.0;0.0;0.198468492798;0.765753601177;8;0.199527749116;0.236125442177;-0.001059256318
_ac_btc;10/21;30;None;0.1;0.0;0.198313803937;0.843098031613;8;0.199346084645;0.326957677419;-0.00103228070839
_ac_btc;10/21;30;None;0.25;0.0;0.198585161333;0.707419333727;6;0.199346084645;0.326957677419;-0.000760923312616
_ac_btc;10/21;30;None;0.0;-0.1;0.198468492798;0.765753601177;8;0.199527749116;0.236125442177;-0.001059256318
_ac_btc;10/21;30;None;0.1;-0.1;0.198313803937;0.843098031613;8;0.199346084645;0.326957677419;-0.00103228070839
_ac_btc;10/21;30;None;0.25;-0.1;0.198585161333;0.707419333727;6;0.199346084645;0.326957677419;-0.000760923312616
_ac_btc;10/21;30;None;0.0;-0.25;0.198468492798;0.765753601177;8;0.199527749116;0.236125442177;-0.001059256318
_ac_btc;10/21;30;None;0.1;-0.25;0.198313803937;0.843098031613;8;0.199346084645;0.326957677419;-0.00103228070839
_ac_btc;10/21;30;None;0.25;-0.25;0.198585161333;0.707419333727;6;0.199346084645;0.326957677419;-0.000760923312616
_ac_btc;20/50;30;None;0.0;0.0;0.199725382822;0.137308588832;4;0.198634411777;0.682794111675;0.00109097104569
_ac_btc;20/50;30;None;0.1;0.0;0.199725382822;0.137308588832;4;0.198634411777;0.682794111675;0.00109097104569
_ac_btc;20/50;30;None;0.0;-0.1;0.199725382822;0.137308588832;4;0.198634411777;0.682794111675;0.00109097104569
_ac_btc;20/50;30;None;0.25;0.0;0.199725382822;0.137308588832;4;0.198634411777;0.682794111675;0.00109097104569
_ac_btc;20/50;30;None;0.1;-0.1;0.199725382822;0.137308588832;4;0.198634411777;0.682794111675;0.00109097104569
_ac_btc;20/50;30;None;0.25;-0.1;0.199725382822;0.137308588832;4;0.198634411777;0.682794111675;0.00109097104569
_ac_btc;20/50;30;None;0.0;-0.25;0.199725382822;0.137308588832;4;0.198634411777;0.682794111675;0.00109097104569
_ac_btc;20/50;30;None;0.1;-0.25;0.199725382822;0.137308588832;4;0.198634411777;0.682794111675;0.00109097104569
_ac_btc;50/200;30;None;0.0;0.0;0.199744349061;0.127825469388;4;0.198647811837;0.676094081633;0.00109653722449
_ac_btc;20/50;30;None;0.25;-0.25;0.199725382822;0.137308588832;4;0.198634411777;0.682794111675;0.00109097104569
_ac_btc;50/200;30;None;0.1;0.0;0.199725382822;0.137308588832;4;0.198634411777;0.682794111675;0.00109097104569
_ac_btc;50/200;30;None;0.1;-0.1;0.199725382822;0.137308588832;4;0.198634411777;0.682794111675;0.00109097104569
_ac_btc;50/200;30;None;0.0;-0.1;0.199744349061;0.127825469388;4;0.198647811837;0.676094081633;0.00109653722449
_ac_btc;50/200;30;None;0.0;-0.25;0.199744349061;0.127825469388;4;0.198647811837;0.676094081633;0.00109653722449
_ac_btc;50/200;30;None;0.1;-0.25;0.199725382822;0.137308588832;4;0.198634411777;0.682794111675;0.00109097104569
_ac_btc;5/8;60;None;0.0;0.0;0.197659972859;1.17001357044;16;0.19966962208;0.16518896;-0.00200964922087
_ac_btc;5/8;60;None;0.1;0.0;0.197872724078;1.06363796123;14;0.19966962208;0.16518896;-0.00179689800247
_ac_btc;5/8;60;None;0.0;-0.1;0.197723437102;1.13828144888;16;0.19966962208;0.16518896;-0.00194618497776
_ac_btc;5/8;60;None;0.25;0.0;0.198345602808;0.827198596145;12;0.19966962208;0.16518896;-0.00132401927229
_ac_btc;5/8;60;None;0.1;-0.1;0.197755357037;1.12232148171;14;0.19966962208;0.16518896;-0.00191426504343
_ac_btc;5/8;60;None;0.25;-0.1;0.198227955282;0.886022359242;12;0.19966962208;0.16518896;-0.00144166679848
_ac_btc;5/8;60;None;0.1;-0.25;0.197700720004;1.14963999825;12;0.19966962208;0.16518896;-0.0019689020765
_ac_btc;5/8;60;None;0.25;-0.25;0.198278218146;0.860890926873;10;0.19966962208;0.16518896;-0.00139140393375
_ac_btc;5/8;60;None;0.0;-0.25;0.197668808888;1.1655955559;14;0.19966962208;0.16518896;-0.0020008131918
_ac_btc;10/21;60;None;0.0;0.0;0.198154116918;0.922941541;12;0.199551505239;0.224247380645;-0.00139738832071
_ac_btc;10/21;60;None;0.1;0.0;0.198367400008;0.816299995935;10;0.199551505239;0.224247380645;-0.00118410523058
_ac_btc;10/21;60;None;0.25;0.0;0.198730628669;0.634685665267;6;0.199551505239;0.224247380645;-0.000820876569244
_ac_btc;10/21;60;None;0.0;-0.1;0.198366148957;0.81692552157;10;0.199551505239;0.224247380645;-0.00118535628185
_ac_btc;10/21;60;None;0.25;-0.1;0.198629664046;0.685167977046;6;0.199551505239;0.224247380645;-0.000921841192801
_ac_btc;10/21;60;None;0.0;-0.25;0.198366148957;0.81692552157;10;0.199551505239;0.224247380645;-0.00118535628185
_ac_btc;10/21;60;None;0.1;-0.25;0.198398172649;0.800913675578;8;0.199551505239;0.224247380645;-0.00115333258987
_ac_btc;10/21;60;None;0.25;-0.25;0.198629664046;0.685167977046;6;0.199551505239;0.224247380645;-0.000921841192801
_ac_btc;20/50;60;None;0.0;0.0;0.199437923264;0.281038368055;8;0.198796037117;0.601981441624;0.000641886147138
_ac_btc;20/50;60;None;0.1;0.0;0.199652588178;0.173705910814;6;0.198796037117;0.601981441624;0.000856551061621
_ac_btc;10/21;60;None;0.1;-0.1;0.198398172649;0.800913675578;8;0.199551505239;0.224247380645;-0.00115333258987
_ac_btc;20/50;60;None;0.25;0.0;0.199744349061;0.127825469388;4;0.198810261796;0.594869102041;0.000934087265306
_ac_btc;20/50;60;None;0.0;-0.1;0.199712108081;0.143945959371;6;0.198810261796;0.594869102041;0.000901846285339
_ac_btc;20/50;60;None;0.1;-0.1;0.199744349061;0.127825469388;4;0.198810261796;0.594869102041;0.000934087265306
_ac_btc;20/50;60;None;0.25;-0.1;0.199744349061;0.127825469388;4;0.198810261796;0.594869102041;0.000934087265306
_ac_btc;20/50;60;None;0.0;-0.25;0.199744349061;0.127825469388;4;0.198810261796;0.594869102041;0.000934087265306
_ac_btc;20/50;60;None;0.1;-0.25;0.199744349061;0.127825469388;4;0.198810261796;0.594869102041;0.000934087265306
_ac_btc;20/50;60;None;0.25;-0.25;0.199744349061;0.127825469388;4;0.198810261796;0.594869102041;0.000934087265306
_ac_btc;50/200;60;None;0.0;0.0;0.199437923264;0.281038368055;8;0.198796037117;0.601981441624;0.000641886147138
_ac_btc;50/200;60;None;0.1;0.0;0.199744349061;0.127825469388;4;0.198810261796;0.594869102041;0.000934087265306
_ac_btc;50/200;60;None;0.0;-0.1;0.199744349061;0.127825469388;4;0.198810261796;0.594869102041;0.000934087265306
_ac_btc;50/200;60;None;0.1;-0.1;0.199744349061;0.127825469388;4;0.198810261796;0.594869102041;0.000934087265306
_ac_btc;50/200;60;None;0.0;-0.25;0.199744349061;0.127825469388;4;0.198810261796;0.594869102041;0.000934087265306
_ac_btc;50/200;60;None;0.1;-0.25;0.199744349061;0.127825469388;4;0.198810261796;0.594869102041;0.000934087265306
_ac_btc;5/8;120;None;0.0;0.0;0.198703747841;0.648126079544;8;0.199577182813;0.211408593548;-0.000873434971992
_ac_btc;5/8;120;None;0.1;0.0;0.198703747841;0.648126079544;8;0.199577182813;0.211408593548;-0.000873434971992
_ac_btc;5/8;120;None;0.25;0.0;0.198703747841;0.648126079544;8;0.199577182813;0.211408593548;-0.000873434971992
_ac_btc;5/8;120;None;0.0;-0.1;0.198703747841;0.648126079544;8;0.199577182813;0.211408593548;-0.000873434971992
_ac_btc;5/8;120;None;0.1;-0.1;0.198703747841;0.648126079544;8;0.199577182813;0.211408593548;-0.000873434971992
_ac_btc;5/8;120;None;0.25;-0.1;0.198703747841;0.648126079544;8;0.199577182813;0.211408593548;-0.000873434971992
_ac_btc;5/8;120;None;0.0;-0.25;0.198603299524;0.698350238238;8;0.199577182813;0.211408593548;-0.00097388328938
_ac_btc;5/8;120;None;0.25;-0.25;0.198603299524;0.698350238238;8;0.199577182813;0.211408593548;-0.00097388328938
_ac_btc;10/21;120;None;0.0;0.0;0.19982639866;0.0868006700508;4;0.198816240284;0.591879857868;0.00101015837563
_ac_btc;10/21;120;None;0.1;0.0;0.19982639866;0.0868006700508;4;0.198816240284;0.591879857868;0.00101015837563
_ac_btc;10/21;120;None;0.25;0.0;0.19982639866;0.0868006700508;4;0.198816240284;0.591879857868;0.00101015837563
_ac_btc;10/21;120;None;0.0;-0.1;0.199725382822;0.137308588832;4;0.198816240284;0.591879857868;0.000909142538071
_ac_btc;5/8;120;None;0.1;-0.25;0.198603299524;0.698350238238;8;0.199577182813;0.211408593548;-0.00097388328938
_ac_btc;10/21;120;None;0.1;-0.1;0.199725382822;0.137308588832;4;0.198816240284;0.591879857868;0.000909142538071
_ac_btc;10/21;120;None;0.25;-0.1;0.199725382822;0.137308588832;4;0.198816240284;0.591879857868;0.000909142538071
_ac_btc;10/21;120;None;0.0;-0.25;0.199725382822;0.137308588832;4;0.198816240284;0.591879857868;0.000909142538071
_ac_btc;10/21;120;None;0.1;-0.25;0.199725382822;0.137308588832;4;0.198816240284;0.591879857868;0.000909142538071
_ac_btc;10/21;120;None;0.25;-0.25;0.199725382822;0.137308588832;4;0.198816240284;0.591879857868;0.000909142538071
_ac_btc;20/50;120;None;0.0;0.0;0.199725382822;0.137308588832;4;0.198816240284;0.591879857868;0.000909142538071
_ac_btc;20/50;120;None;0.1;0.0;0.199725382822;0.137308588832;4;0.198816240284;0.591879857868;0.000909142538071
_ac_btc;20/50;120;None;0.25;0.0;0.199744349061;0.127825469388;4;0.198830568041;0.584715979592;0.000913781020408
_ac_btc;20/50;120;None;0.0;-0.1;0.199725382822;0.137308588832;4;0.198816240284;0.591879857868;0.000909142538071
_ac_btc;20/50;120;None;0.1;-0.1;0.199725382822;0.137308588832;4;0.198816240284;0.591879857868;0.000909142538071
_ac_btc;20/50;120;None;0.25;-0.1;0.199744349061;0.127825469388;4;0.198830568041;0.584715979592;0.000913781020408
_ac_btc;20/50;120;None;0.0;-0.25;0.199725382822;0.137308588832;4;0.198816240284;0.591879857868;0.000909142538071
_ac_btc;20/50;120;None;0.1;-0.25;0.199725382822;0.137308588832;4;0.198816240284;0.591879857868;0.000909142538071
_ac_btc;20/50;120;None;0.25;-0.25;0.199744349061;0.127825469388;4;0.198830568041;0.584715979592;0.000913781020408
_ac_btc;50/200;120;None;0.0;0.0;0.199725382822;0.137308588832;4;0.198816240284;0.591879857868;0.000909142538071
_ac_btc;50/200;120;None;0.1;0.0;0.199744349061;0.127825469388;4;0.198830568041;0.584715979592;0.000913781020408
_ac_btc;50/200;120;None;0.0;-0.1;0.199725382822;0.137308588832;4;0.198816240284;0.591879857868;0.000909142538071
_ac_btc;50/200;120;None;0.1;-0.1;0.199744349061;0.127825469388;4;0.198830568041;0.584715979592;0.000913781020408
_ac_btc;50/200;120;None;0.0;-0.25;0.199725382822;0.137308588832;4;0.198816240284;0.591879857868;0.000909142538071
_ac_btc;50/200;120;None;0.1;-0.25;0.199744349061;0.127825469388;4;0.198830568041;0.584715979592;0.000913781020408
_ac_btc;5/8;240;None;0.0;0.0;0.199711017743;0.144491128413;6;0.198233389763;0.88330511828;0.00147762797973
_ac_btc;5/8;240;None;0.1;0.0;0.199692054669;0.15397266541;6;0.198233389763;0.88330511828;0.00145866490574
_ac_btc;5/8;240;None;0.25;0.0;0.199692054669;0.15397266541;6;0.198233389763;0.88330511828;0.00145866490574
_ac_btc;5/8;240;None;0.0;-0.1;0.199711017743;0.144491128413;6;0.198233389763;0.88330511828;0.00147762797973
_ac_btc;5/8;240;None;0.1;-0.1;0.199692054669;0.15397266541;6;0.198233389763;0.88330511828;0.00145866490574
_ac_btc;5/8;240;None;0.25;-0.1;0.199692054669;0.15397266541;6;0.198233389763;0.88330511828;0.00145866490574
_ac_btc;5/8;240;None;0.0;-0.25;0.199711017743;0.144491128413;6;0.198233389763;0.88330511828;0.00147762797973
_ac_btc;5/8;240;None;0.1;-0.25;0.199692054669;0.15397266541;6;0.198233389763;0.88330511828;0.00145866490574
_ac_btc;5/8;240;None;0.25;-0.25;0.199692054669;0.15397266541;6;0.198233389763;0.88330511828;0.00145866490574
_ac_btc;10/21;240;None;0.0;0.0;0.199724042816;0.137978591837;4;0.198119849469;0.940075265306;0.00160419334694
_ac_btc;10/21;240;None;0.1;0.0;0.199705179655;0.147410172589;4;0.198109129421;0.94543528934;0.0015960502335
_ac_btc;10/21;240;None;0.25;0.0;0.199705179655;0.147410172589;4;0.198109129421;0.94543528934;0.0015960502335
_ac_btc;10/21;240;None;0.0;-0.1;0.199724042816;0.137978591837;4;0.198119849469;0.940075265306;0.00160419334694
_ac_btc;10/21;240;None;0.1;-0.1;0.199705179655;0.147410172589;4;0.198109129421;0.94543528934;0.0015960502335
_ac_btc;10/21;240;None;0.25;-0.1;0.199705179655;0.147410172589;4;0.198109129421;0.94543528934;0.0015960502335
_ac_btc;10/21;240;None;0.0;-0.25;0.199724042816;0.137978591837;4;0.198119849469;0.940075265306;0.00160419334694
_ac_btc;10/21;240;None;0.1;-0.25;0.199705179655;0.147410172589;4;0.198109129421;0.94543528934;0.0015960502335
_ac_btc;10/21;240;None;0.25;-0.25;0.199705179655;0.147410172589;4;0.198109129421;0.94543528934;0.0015960502335
_ac_btc;20/50;240;None;0.0;0.0;0.199705179655;0.147410172589;4;0.198109129421;0.94543528934;0.0015960502335
_ac_btc;20/50;240;None;0.1;0.0;0.199705179655;0.147410172589;4;0.198109129421;0.94543528934;0.0015960502335
_ac_btc;20/50;240;None;0.25;0.0;0.199705179655;0.147410172589;4;0.198109129421;0.94543528934;0.0015960502335
_ac_btc;20/50;240;None;0.0;-0.1;0.199604163817;0.197918091371;4;0.198109129421;0.94543528934;0.00149503439594
_ac_btc;20/50;240;None;0.1;-0.1;0.199604163817;0.197918091371;4;0.198109129421;0.94543528934;0.00149503439594
_ac_btc;20/50;240;None;0.25;-0.1;0.199604163817;0.197918091371;4;0.198109129421;0.94543528934;0.00149503439594
_ac_btc;20/50;240;None;0.0;-0.25;0.199442538477;0.278730761421;4;0.198109129421;0.94543528934;0.00133340905584
_ac_btc;20/50;240;None;0.1;-0.25;0.199442538477;0.278730761421;4;0.198109129421;0.94543528934;0.00133340905584
_ac_btc;50/200;240;None;0.0;0.0;0.199280913137;0.359543431472;4;0.198109129421;0.94543528934;0.00117178371574
_ac_btc;20/50;240;None;0.25;-0.25;0.199442538477;0.278730761421;4;0.198109129421;0.94543528934;0.00133340905584
_ac_btc;50/200;240;None;0.1;0.0;0.199280913137;0.359543431472;4;0.198109129421;0.94543528934;0.00117178371574
_ac_btc;50/200;240;None;0.25;0.0;0.199280913137;0.359543431472;4;0.198109129421;0.94543528934;0.00117178371574
_ac_btc;50/200;240;None;0.0;-0.1;0.199280913137;0.359543431472;4;0.198109129421;0.94543528934;0.00117178371574
_ac_btc;50/200;240;None;0.25;-0.1;0.199280913137;0.359543431472;4;0.198109129421;0.94543528934;0.00117178371574
_ac_btc;50/200;240;None;0.1;-0.1;0.199280913137;0.359543431472;4;0.198109129421;0.94543528934;0.00117178371574
_ac_btc;50/200;240;None;0.0;-0.25;0.199280913137;0.359543431472;4;0.198109129421;0.94543528934;0.00117178371574
_ac_btc;50/200;240;None;0.1;-0.25;0.199280913137;0.359543431472;4;0.198109129421;0.94543528934;0.00117178371574
_ac_btc;50/200;240;None;0.25;-0.25;0.199280913137;0.359543431472;4;0.198109129421;0.94543528934;0.00117178371574
_ac_btc;5/8;1440;None;0.0;0.0;0.19968650703;0.156746484848;4;0.198862360646;0.568819676768;0.000824146383838
_ac_btc;5/8;1440;None;0.0;-0.1;0.19968650703;0.156746484848;4;0.198862360646;0.568819676768;0.000824146383838
_ac_btc;5/8;1440;None;0.0;-0.25;0.19968650703;0.156746484848;4;0.198862360646;0.568819676768;0.000824146383838
_alf_btc;5/8;15;None;0.0;0.0;0.194725099375;2.63745031233;30;0.199545799111;0.227100444444;-0.00482069973578
_alf_btc;5/8;15;None;0.25;0.0;0.195453959514;2.27302024293;26;0.199545799111;0.227100444444;-0.00409183959697
_alf_btc;5/8;15;None;0.0;-0.1;0.19530674219;2.34662890506;26;0.199545799111;0.227100444444;-0.00423905692123
_alf_btc;5/8;15;None;0.1;-0.1;0.194871812476;2.56409376194;26;0.199545799111;0.227100444444;-0.00467398663499
_alf_btc;5/8;15;None;0.1;0.0;0.194291464925;2.85426753734;30;0.199545799111;0.227100444444;-0.00525433418579
_alf_btc;5/8;15;None;0.25;-0.1;0.195524461002;2.23776949911;24;0.199545799111;0.227100444444;-0.00402133810934
_alf_btc;5/8;15;None;0.0;-0.25;0.195249797897;2.37510105175;26;0.199545799111;0.227100444444;-0.00429600121461
_alf_btc;5/8;15;None;0.1;-0.25;0.194814994992;2.59250250384;26;0.199545799111;0.227100444444;-0.00473080411879
_alf_btc;5/8;15;None;0.25;-0.25;0.19546745323;2.26627338522;24;0.199545799111;0.227100444444;-0.00407834588154
_alf_btc;10/21;15;None;0.0;0.0;0.196674470317;1.66276484136;22;0.199324686667;0.337656666667;-0.00265021634938
_alf_btc;10/21;15;None;0.1;0.0;0.197637130407;1.18143479641;16;0.199324686667;0.337656666667;-0.00168755625949
_alf_btc;10/21;15;None;0.25;0.0;0.197899025957;1.05048702134;14;0.199324686667;0.337656666667;-0.00142566070934
_alf_btc;10/21;15;None;0.0;-0.1;0.196684226426;1.65788678723;20;0.199324686667;0.337656666667;-0.00264046024112
_alf_btc;10/21;15;None;0.1;-0.1;0.197513143428;1.24342828603;16;0.199324686667;0.337656666667;-0.00181154323873
_alf_btc;10/21;15;None;0.0;-0.25;0.196550670035;1.72466498241;20;0.199324686667;0.337656666667;-0.00277401663149
_alf_btc;10/21;15;None;0.1;-0.25;0.19737902417;1.31048791498;16;0.199324686667;0.337656666667;-0.00194566249663
_alf_btc;10/21;15;None;0.25;-0.1;0.197837449378;1.08127531125;14;0.199324686667;0.337656666667;-0.00148723728916
_alf_btc;10/21;15;None;0.25;-0.25;0.197765681693;1.11715915344;14;0.199324686667;0.337656666667;-0.00155900497355
_alf_btc;20/50;15;None;0.0;0.0;0.198658274432;0.670862783871;8;0.198282299429;0.858850285714;0.000375975003687
_alf_btc;20/50;15;None;0.1;0.0;0.198658274432;0.670862783871;8;0.198282299429;0.858850285714;0.000375975003687
_alf_btc;20/50;15;None;0.25;0.0;0.198658274432;0.670862783871;8;0.198282299429;0.858850285714;0.000375975003687
_alf_btc;20/50;15;None;0.0;-0.1;0.198658274432;0.670862783871;8;0.198282299429;0.858850285714;0.000375975003687
_alf_btc;20/50;15;None;0.25;-0.1;0.198658274432;0.670862783871;8;0.198282299429;0.858850285714;0.000375975003687
_alf_btc;20/50;15;None;0.1;-0.1;0.198658274432;0.670862783871;8;0.198282299429;0.858850285714;0.000375975003687
_alf_btc;20/50;15;None;0.0;-0.25;0.198545058065;0.727470967531;8;0.198282299429;0.858850285714;0.000262758636366
_alf_btc;20/50;15;None;0.1;-0.25;0.198545058065;0.727470967531;8;0.198282299429;0.858850285714;0.000262758636366
_alf_btc;20/50;15;None;0.25;-0.25;0.198545058065;0.727470967531;8;0.198282299429;0.858850285714;0.000262758636366
_alf_btc;50/200;15;None;0.0;0.0;0.19906281935;0.468590325129;6;0.198457245538;0.771377230769;0.000605573811281
_alf_btc;50/200;15;None;0.1;0.0;0.198953491628;0.523254185859;6;0.198384133731;0.807933134328;0.000569357896939
_alf_btc;50/200;15;None;0.25;0.0;0.198953491628;0.523254185859;6;0.198384133731;0.807933134328;0.000569357896939
_alf_btc;50/200;15;None;0.0;-0.1;0.19906281935;0.468590325129;6;0.198457245538;0.771377230769;0.000605573811281
_alf_btc;50/200;15;None;0.1;-0.1;0.198953491628;0.523254185859;6;0.198384133731;0.807933134328;0.000569357896939
_alf_btc;50/200;15;None;0.25;-0.1;0.198953491628;0.523254185859;6;0.198384133731;0.807933134328;0.000569357896939
_alf_btc;50/200;15;None;0.0;-0.25;0.19906281935;0.468590325129;6;0.198457245538;0.771377230769;0.000605573811281
_alf_btc;50/200;15;None;0.1;-0.25;0.198953491628;0.523254185859;6;0.198384133731;0.807933134328;0.000569357896939
_alf_btc;5/8;30;None;0.0;0.0;0.194654933371;2.67253331432;26;0.199710347907;0.144826046512;-0.00505541453562
_alf_btc;50/200;15;None;0.25;-0.25;0.198953491628;0.523254185859;6;0.198384133731;0.807933134328;0.000569357896939
_alf_btc;5/8;30;None;0.1;0.0;0.19514457561;2.42771219515;24;0.199710347907;0.144826046512;-0.00456577229727
_alf_btc;5/8;30;None;0.25;0.0;0.195495461133;2.25226943362;24;0.199710347907;0.144826046512;-0.00421488677422
_alf_btc;5/8;30;None;0.0;-0.1;0.194601706788;2.69914660589;26;0.199710347907;0.144826046512;-0.00510864111875
_alf_btc;5/8;30;None;0.1;-0.1;0.195091215138;2.45439243077;24;0.199710347907;0.144826046512;-0.00461913276852
_alf_btc;5/8;30;None;0.25;-0.1;0.195436441218;2.28177939121;24;0.199710347907;0.144826046512;-0.00427390668939
_alf_btc;5/8;30;None;0.0;-0.25;0.194531138504;2.73443074798;26;0.199710347907;0.144826046512;-0.00517920940295
_alf_btc;5/8;30;None;0.25;-0.25;0.195365570234;2.31721488289;24;0.199710347907;0.144826046512;-0.00434477767276
_alf_btc;10/21;30;None;0.0;0.0;0.197905710345;1.04714482746;14;0.199324686667;0.337656666667;-0.00141897632158
_alf_btc;10/21;30;None;0.1;0.0;0.197905710345;1.04714482746;14;0.199324686667;0.337656666667;-0.00141897632158
_alf_btc;10/21;30;None;0.25;0.0;0.197905710345;1.04714482746;14;0.199324686667;0.337656666667;-0.00141897632158
_alf_btc;10/21;30;None;0.0;-0.1;0.197664968517;1.16751574173;14;0.199324686667;0.337656666667;-0.00165971815013
_alf_btc;10/21;30;None;0.1;-0.1;0.197664968517;1.16751574173;14;0.199324686667;0.337656666667;-0.00165971815013
_alf_btc;5/8;30;None;0.1;-0.25;0.195020469344;2.48976532791;24;0.199710347907;0.144826046512;-0.00468987856279
_alf_btc;10/21;30;None;0.25;-0.1;0.197664968517;1.16751574173;14;0.199324686667;0.337656666667;-0.00165971815013
_alf_btc;10/21;30;None;0.0;-0.25;0.197610933643;1.1945331787;14;0.199324686667;0.337656666667;-0.00171375302407
_alf_btc;10/21;30;None;0.1;-0.25;0.197610933643;1.1945331787;14;0.199324686667;0.337656666667;-0.00171375302407
_alf_btc;10/21;30;None;0.25;-0.25;0.197610933643;1.1945331787;14;0.199324686667;0.337656666667;-0.00171375302407
_alf_btc;20/50;30;None;0.0;0.0;0.198868492686;0.565753657012;6;0.198282299429;0.858850285714;0.000586193257405
_alf_btc;20/50;30;None;0.1;0.0;0.199081427312;0.459286344128;6;0.198420135758;0.789932121212;0.000661291554169
_alf_btc;20/50;30;None;0.25;0.0;0.199025810059;0.487094970627;6;0.198384133731;0.807933134328;0.000641676327403
_alf_btc;20/50;30;None;0.0;-0.1;0.198868492686;0.565753657012;6;0.198282299429;0.858850285714;0.000586193257405
_alf_btc;20/50;30;None;0.1;-0.1;0.199081427312;0.459286344128;6;0.198420135758;0.789932121212;0.000661291554169
_alf_btc;20/50;30;None;0.25;-0.1;0.199025810059;0.487094970627;6;0.198384133731;0.807933134328;0.000641676327403
_alf_btc;20/50;30;None;0.0;-0.25;0.198868492686;0.565753657012;6;0.198282299429;0.858850285714;0.000586193257405
_alf_btc;20/50;30;None;0.1;-0.25;0.199081427312;0.459286344128;6;0.198420135758;0.789932121212;0.000661291554169
_alf_btc;20/50;30;None;0.25;-0.25;0.199025810059;0.487094970627;6;0.198384133731;0.807933134328;0.000641676327403
_alf_btc;50/200;30;None;0.0;0.0;0.199025810059;0.487094970627;6;0.198384133731;0.807933134328;0.000641676327403
_alf_btc;50/200;30;None;0.1;0.0;0.199025810059;0.487094970627;6;0.198384133731;0.807933134328;0.000641676327403
_alf_btc;50/200;30;None;0.25;0.0;0.199025810059;0.487094970627;6;0.198384133731;0.807933134328;0.000641676327403
_alf_btc;50/200;30;None;0.0;-0.1;0.198907399133;0.546300433497;6;0.198384133731;0.807933134328;0.000523265401662
_alf_btc;50/200;30;None;0.1;-0.1;0.198907399133;0.546300433497;6;0.198384133731;0.807933134328;0.000523265401662
_alf_btc;50/200;30;None;0.1;-0.25;0.198907399133;0.546300433497;6;0.198384133731;0.807933134328;0.000523265401662
_alf_btc;50/200;30;None;0.25;-0.25;0.198907399133;0.546300433497;6;0.198384133731;0.807933134328;0.000523265401662
_alf_btc;5/8;60;None;0.0;0.0;0.195651299553;2.17435022366;22;0.199086886491;0.456556754717;-0.00343558693788
_alf_btc;5/8;60;None;0.1;0.0;0.196342614353;1.82869282358;20;0.199086886491;0.456556754717;-0.00274427213773
_alf_btc;5/8;60;None;0.25;0.0;0.198279568534;0.860215732831;14;0.199407603833;0.296198083333;-0.001128035299
_alf_btc;5/8;60;None;0.0;-0.1;0.196088405106;1.95579744688;20;0.199086886491;0.456556754717;-0.00299848138433
_alf_btc;50/200;30;None;0.25;-0.1;0.198907399133;0.546300433497;6;0.198384133731;0.807933134328;0.000523265401662
_alf_btc;50/200;30;None;0.0;-0.25;0.198907399133;0.546300433497;6;0.198384133731;0.807933134328;0.000523265401662
_alf_btc;5/8;60;None;0.1;-0.1;0.196781264376;1.60936781187;18;0.199086886491;0.456556754717;-0.0023056221143
_alf_btc;5/8;60;None;0.25;-0.1;0.197787905825;1.10604708748;14;0.199407603833;0.296198083333;-0.0016196980083
_alf_btc;5/8;60;None;0.0;-0.25;0.195948685514;2.02565724295;20;0.199086886491;0.456556754717;-0.00313820097647
_alf_btc;5/8;60;None;0.1;-0.25;0.196641051099;1.67947445072;18;0.199086886491;0.456556754717;-0.00244583539201
_alf_btc;5/8;60;None;0.25;-0.25;0.197787905825;1.10604708748;14;0.199407603833;0.296198083333;-0.0016196980083
_alf_btc;10/21;60;None;0.0;0.0;0.199459357942;0.270321029188;6;0.199407603833;0.296198083333;5.175410829e-05
_alf_btc;10/21;60;None;0.1;0.0;0.199459357942;0.270321029188;6;0.199407603833;0.296198083333;5.175410829e-05
_alf_btc;10/21;60;None;0.25;0.0;0.199459357942;0.270321029188;6;0.199407603833;0.296198083333;5.175410829e-05
_alf_btc;10/21;60;None;0.0;-0.1;0.199459357942;0.270321029188;6;0.199407603833;0.296198083333;5.175410829e-05
_alf_btc;10/21;60;None;0.1;-0.1;0.199459357942;0.270321029188;6;0.199407603833;0.296198083333;5.175410829e-05
_alf_btc;10/21;60;None;0.25;-0.1;0.199459357942;0.270321029188;6;0.199407603833;0.296198083333;5.175410829e-05
_alf_btc;10/21;60;None;0.0;-0.25;0.199459357942;0.270321029188;6;0.199407603833;0.296198083333;5.175410829e-05
_alf_btc;10/21;60;None;0.1;-0.25;0.199459357942;0.270321029188;6;0.199407603833;0.296198083333;5.175410829e-05
_alf_btc;10/21;60;None;0.25;-0.25;0.199459357942;0.270321029188;6;0.199407603833;0.296198083333;5.175410829e-05
_alf_btc;20/50;60;None;0.0;0.0;0.199656355333;0.171822333333;4;0.198274402556;0.862798722222;0.00138195277778
_alf_btc;20/50;60;None;0.0;-0.1;0.199656355333;0.171822333333;4;0.198274402556;0.862798722222;0.00138195277778
_alf_btc;20/50;60;None;0.0;-0.25;0.199656355333;0.171822333333;4;0.198274402556;0.862798722222;0.00138195277778
_alf_btc;5/8;120;None;0.0;0.0;0.198521163572;0.739418214236;10;0.198902562909;0.548718545455;-0.000381399337562
_alf_btc;5/8;120;None;0.1;0.0;0.198521163572;0.739418214236;10;0.198902562909;0.548718545455;-0.000381399337562
_alf_btc;5/8;120;None;0.0;-0.1;0.19876458979;0.617705104868;10;0.198902562909;0.548718545455;-0.000137973118826
_alf_btc;5/8;120;None;0.25;0.0;0.198411873305;0.794063347699;10;0.198902562909;0.548718545455;-0.00049068960449
_alf_btc;5/8;120;None;0.1;-0.1;0.19876458979;0.617705104868;10;0.198902562909;0.548718545455;-0.000137973118826
_alf_btc;5/8;120;None;0.25;-0.1;0.198655165512;0.672417244075;10;0.198902562909;0.548718545455;-0.000247397397241
_alf_btc;5/8;120;None;0.1;-0.25;0.198527360596;0.736319701993;10;0.198902562909;0.548718545455;-0.000375202313077
_alf_btc;5/8;120;None;0.0;-0.25;0.198527360596;0.736319701993;10;0.198902562909;0.548718545455;-0.000375202313077
_alf_btc;5/8;120;None;0.25;-0.25;0.198418066917;0.790966541256;10;0.198902562909;0.548718545455;-0.000484495991603
_alf_btc;10/21;120;None;0.0;0.0;0.198901239408;0.549380295767;6;0.198349190588;0.825404705882;0.000552048820231
_alf_btc;10/21;120;None;0.1;0.0;0.198901239408;0.549380295767;6;0.198349190588;0.825404705882;0.000552048820231
_alf_btc;10/21;120;None;0.25;0.0;0.19906281935;0.468590325129;6;0.198457245538;0.771377230769;0.000605573811281
_alf_btc;10/21;120;None;0.0;-0.1;0.198901239408;0.549380295767;6;0.198349190588;0.825404705882;0.000552048820231
_alf_btc;10/21;120;None;0.1;-0.1;0.198901239408;0.549380295767;6;0.198349190588;0.825404705882;0.000552048820231
_alf_btc;10/21;120;None;0.0;-0.25;0.198901239408;0.549380295767;6;0.198349190588;0.825404705882;0.000552048820231
_alf_btc;10/21;120;None;0.25;-0.1;0.19906281935;0.468590325129;6;0.198457245538;0.771377230769;0.000605573811281
_alf_btc;10/21;120;None;0.1;-0.25;0.198901239408;0.549380295767;6;0.198349190588;0.825404705882;0.000552048820231
_alf_btc;10/21;120;None;0.25;-0.25;0.19906281935;0.468590325129;6;0.198457245538;0.771377230769;0.000605573811281
_alf_btc;20/50;120;None;0.0;0.0;0.199379964778;0.310017611111;4;0.198219124444;0.890437777778;0.00116084033333
_alf_btc;20/50;120;None;0.1;0.0;0.199379964778;0.310017611111;4;0.198219124444;0.890437777778;0.00116084033333
_alf_btc;20/50;120;None;0.25;0.0;0.199379964778;0.310017611111;4;0.198219124444;0.890437777778;0.00116084033333
_alf_btc;20/50;120;None;0.0;-0.1;0.199379964778;0.310017611111;4;0.198219124444;0.890437777778;0.00116084033333
_alf_btc;20/50;120;None;0.1;-0.1;0.199379964778;0.310017611111;4;0.198219124444;0.890437777778;0.00116084033333
_alf_btc;20/50;120;None;0.25;-0.1;0.199379964778;0.310017611111;4;0.198219124444;0.890437777778;0.00116084033333
_alf_btc;20/50;120;None;0.0;-0.25;0.199379964778;0.310017611111;4;0.198219124444;0.890437777778;0.00116084033333
_alf_btc;20/50;120;None;0.1;-0.25;0.199379964778;0.310017611111;4;0.198219124444;0.890437777778;0.00116084033333
_alf_btc;20/50;120;None;0.25;-0.25;0.199379964778;0.310017611111;4;0.198219124444;0.890437777778;0.00116084033333
_alf_btc;50/200;120;None;0.0;0.0;0.199379964778;0.310017611111;4;0.198219124444;0.890437777778;0.00116084033333
_alf_btc;50/200;120;None;0.1;0.0;0.199379964778;0.310017611111;4;0.198219124444;0.890437777778;0.00116084033333
_alf_btc;50/200;120;None;0.0;-0.1;0.199379964778;0.310017611111;4;0.198219124444;0.890437777778;0.00116084033333
_alf_btc;50/200;120;None;0.1;-0.1;0.199379964778;0.310017611111;4;0.198219124444;0.890437777778;0.00116084033333
_alf_btc;50/200;120;None;0.0;-0.25;0.199379964778;0.310017611111;4;0.198219124444;0.890437777778;0.00116084033333
_alf_btc;50/200;120;None;0.1;-0.25;0.199379964778;0.310017611111;4;0.198219124444;0.890437777778;0.00116084033333
_alf_btc;5/8;240;None;0.0;0.0;0.198509665745;0.745167127461;8;0.198902562909;0.548718545455;-0.000392897164013
_alf_btc;5/8;240;None;0.1;0.0;0.199074696709;0.462651645655;6;0.198902562909;0.548718545455;0.0001721337996
_alf_btc;5/8;240;None;0.25;0.0;0.19879059251;0.604703744955;6;0.198902562909;0.548718545455;-0.000111970399001
_alf_btc;5/8;240;None;0.0;-0.1;0.198509665745;0.745167127461;8;0.198902562909;0.548718545455;-0.000392897164013
_alf_btc;5/8;240;None;0.1;-0.1;0.199074696709;0.462651645655;6;0.198902562909;0.548718545455;0.0001721337996
_alf_btc;5/8;240;None;0.25;-0.1;0.19879059251;0.604703744955;6;0.198902562909;0.548718545455;-0.000111970399001
_alf_btc;5/8;240;None;0.1;-0.25;0.199074696709;0.462651645655;6;0.198902562909;0.548718545455;0.0001721337996
_alf_btc;5/8;240;None;0.25;-0.25;0.19879059251;0.604703744955;6;0.198902562909;0.548718545455;-0.000111970399001
_alf_btc;5/8;240;None;0.0;-0.25;0.198509665745;0.745167127461;8;0.198902562909;0.548718545455;-0.000392897164013
_alf_btc;5/8;360;None;0.0;0.0;0.198835053263;0.582473368317;6;0.198740553791;0.629723104478;9.44994723218e-05
_alf_btc;5/8;360;None;0.1;0.0;0.19945339391;0.273303044776;4;0.198740553791;0.629723104478;0.000712840119403
_alf_btc;5/8;360;None;0.0;-0.1;0.198835053263;0.582473368317;6;0.198740553791;0.629723104478;9.44994723218e-05
_alf_btc;5/8;360;None;0.25;0.0;0.19945339391;0.273303044776;4;0.198740553791;0.629723104478;0.000712840119403
_alf_btc;5/8;360;None;0.1;-0.1;0.19945339391;0.273303044776;4;0.198740553791;0.629723104478;0.000712840119403
_alf_btc;5/8;360;None;0.25;-0.1;0.19945339391;0.273303044776;4;0.198740553791;0.629723104478;0.000712840119403
_alf_btc;5/8;360;None;0.1;-0.25;0.19945339391;0.273303044776;4;0.198740553791;0.629723104478;0.000712840119403
_alf_btc;5/8;360;None;0.0;-0.25;0.198835053263;0.582473368317;6;0.198740553791;0.629723104478;9.44994723218e-05
_alf_btc;5/8;360;None;0.25;-0.25;0.19945339391;0.273303044776;4;0.198740553791;0.629723104478;0.000712840119403
_alf_btc;5/8;720;None;0.0;0.0;0.19922992419;0.385037904762;4;0.199103574222;0.448212888889;0.000126349968254
_alf_btc;5/8;720;None;0.0;-0.1;0.19922992419;0.385037904762;4;0.199103574222;0.448212888889;0.000126349968254
_alf_btc;5/8;720;None;0.1;0.0;0.199037570507;0.481214746269;4;0.198918763821;0.540618089552;0.000118806686567
_alf_btc;5/8;720;None;0.25;0.0;0.198750989514;0.624505243243;4;0.198643421297;0.678289351351;0.000107568216216
_alf_btc;5/8;720;None;0.1;-0.1;0.199037570507;0.481214746269;4;0.198918763821;0.540618089552;0.000118806686567
_alf_btc;5/8;720;None;0.25;-0.1;0.198750989514;0.624505243243;4;0.198643421297;0.678289351351;0.000107568216216
_alf_btc;5/8;720;None;0.0;-0.25;0.19922992419;0.385037904762;4;0.199103574222;0.448212888889;0.000126349968254
_alf_btc;5/8;720;None;0.25;-0.25;0.198750989514;0.624505243243;4;0.198643421297;0.678289351351;0.000107568216216
_alf_btc;5/8;720;None;0.1;-0.25;0.199037570507;0.481214746269;4;0.198918763821;0.540618089552;0.000118806686567
_alf_btc;10/21;720;None;0.0;0.0;0.19922992419;0.385037904762;4;0.199103574222;0.448212888889;0.000126349968254
_alf_btc;10/21;720;None;0.1;0.0;0.199037570507;0.481214746269;4;0.198918763821;0.540618089552;0.000118806686567
_alf_btc;10/21;720;None;0.25;0.0;0.198750989514;0.624505243243;4;0.198643421297;0.678289351351;0.000107568216216
_alf_btc;10/21;720;None;0.0;-0.1;0.19922992419;0.385037904762;4;0.199103574222;0.448212888889;0.000126349968254
_alf_btc;10/21;720;None;0.25;-0.1;0.198750989514;0.624505243243;4;0.198643421297;0.678289351351;0.000107568216216
_alf_btc;10/21;720;None;0.0;-0.25;0.199419449143;0.290275428571;4;0.199103574222;0.448212888889;0.000315874920635
_alf_btc;10/21;720;None;0.1;-0.25;0.199215780537;0.392109731343;4;0.198918763821;0.540618089552;0.000297016716418
_alf_btc;10/21;720;None;0.25;-0.25;0.198912341838;0.543829081081;4;0.198643421297;0.678289351351;0.000268920540541
_alf_btc;20/50;720;None;0.0;0.0;0.199037570507;0.481214746269;4;0.198918763821;0.540618089552;0.000118806686567
_alf_btc;20/50;720;None;0.1;0.0;0.198750989514;0.624505243243;4;0.198643421297;0.678289351351;0.000107568216216
_alf_btc;20/50;720;None;0.25;0.0;0.198750989514;0.624505243243;4;0.198643421297;0.678289351351;0.000107568216216
_alf_btc;10/21;720;None;0.1;-0.1;0.199037570507;0.481214746269;4;0.198918763821;0.540618089552;0.000118806686567
_alf_btc;20/50;720;None;0.0;-0.1;0.199215780537;0.392109731343;4;0.198918763821;0.540618089552;0.000297016716418
_alf_btc;20/50;720;None;0.1;-0.1;0.198912341838;0.543829081081;4;0.198643421297;0.678289351351;0.000268920540541
_alf_btc;20/50;720;None;0.25;-0.1;0.198912341838;0.543829081081;4;0.198643421297;0.678289351351;0.000268920540541
_alf_btc;20/50;720;None;0.0;-0.25;0.199215780537;0.392109731343;4;0.198918763821;0.540618089552;0.000297016716418
_alf_btc;20/50;720;None;0.1;-0.25;0.198912341838;0.543829081081;4;0.198643421297;0.678289351351;0.000268920540541
_alf_btc;20/50;720;None;0.25;-0.25;0.198912341838;0.543829081081;4;0.198643421297;0.678289351351;0.000268920540541
_alf_btc;50/200;720;None;0.0;0.0;0.199215780537;0.392109731343;4;0.198918763821;0.540618089552;0.000297016716418
_alf_btc;50/200;720;None;0.1;0.0;0.198912341838;0.543829081081;4;0.198643421297;0.678289351351;0.000268920540541
_alf_btc;50/200;720;None;0.0;-0.1;0.199215780537;0.392109731343;4;0.198918763821;0.540618089552;0.000297016716418
_alf_btc;50/200;720;None;0.1;-0.1;0.198912341838;0.543829081081;4;0.198643421297;0.678289351351;0.000268920540541
_alf_btc;50/200;720;None;0.0;-0.25;0.199215780537;0.392109731343;4;0.198918763821;0.540618089552;0.000297016716418
_alf_btc;50/200;720;None;0.1;-0.25;0.198912341838;0.543829081081;4;0.198643421297;0.678289351351;0.000268920540541
_alf_btc;5/8;1440;None;0.0;0.0;0.199314481477;0.342759261538;4;0.199008325785;0.495837107692;0.000306155692308
_alf_btc;5/8;1440;None;0.1;0.0;0.199314481477;0.342759261538;4;0.199008325785;0.495837107692;0.000306155692308
_alf_btc;5/8;1440;None;0.25;0.0;0.199314481477;0.342759261538;4;0.199008325785;0.495837107692;0.000306155692308
_alf_btc;5/8;1440;None;0.1;-0.1;0.199314481477;0.342759261538;4;0.199008325785;0.495837107692;0.000306155692308
_alf_btc;5/8;1440;None;0.0;-0.1;0.199314481477;0.342759261538;4;0.199008325785;0.495837107692;0.000306155692308
_alf_btc;5/8;1440;None;0.25;-0.1;0.199314481477;0.342759261538;4;0.199008325785;0.495837107692;0.000306155692308
_alf_btc;5/8;1440;None;0.0;-0.25;0.199314481477;0.342759261538;4;0.199008325785;0.495837107692;0.000306155692308
_alf_btc;5/8;1440;None;0.1;-0.25;0.199314481477;0.342759261538;4;0.199008325785;0.495837107692;0.000306155692308
_alf_btc;5/8;1440;None;0.25;-0.25;0.199314481477;0.342759261538;4;0.199008325785;0.495837107692;0.000306155692308
_alf_btc;10/21;1440;None;0.0;0.0;0.199314481477;0.342759261538;4;0.199008325785;0.495837107692;0.000306155692308
_alf_btc;10/21;1440;None;0.1;0.0;0.199314481477;0.342759261538;4;0.199008325785;0.495837107692;0.000306155692308
_alf_btc;10/21;1440;None;0.25;0.0;0.199314481477;0.342759261538;4;0.199008325785;0.495837107692;0.000306155692308
_alf_btc;10/21;1440;None;0.1;-0.1;0.199314481477;0.342759261538;4;0.199008325785;0.495837107692;0.000306155692308
_alf_btc;10/21;1440;None;0.0;-0.1;0.199314481477;0.342759261538;4;0.199008325785;0.495837107692;0.000306155692308
_alf_btc;10/21;1440;None;0.25;-0.1;0.199314481477;0.342759261538;4;0.199008325785;0.495837107692;0.000306155692308
_alf_btc;10/21;1440;None;0.0;-0.25;0.199314481477;0.342759261538;4;0.199008325785;0.495837107692;0.000306155692308
_alf_btc;10/21;1440;None;0.1;-0.25;0.199314481477;0.342759261538;4;0.199008325785;0.495837107692;0.000306155692308
_alf_btc;10/21;1440;None;0.25;-0.25;0.199314481477;0.342759261538;4;0.199008325785;0.495837107692;0.000306155692308
_alf_btc;20/50;1440;None;0.0;0.0;0.199314481477;0.342759261538;4;0.199008325785;0.495837107692;0.000306155692308
_alf_btc;20/50;1440;None;0.1;0.0;0.199314481477;0.342759261538;4;0.199008325785;0.495837107692;0.000306155692308
_alf_btc;20/50;1440;None;0.0;-0.1;0.199314481477;0.342759261538;4;0.199008325785;0.495837107692;0.000306155692308
_alf_btc;20/50;1440;None;0.1;-0.1;0.199314481477;0.342759261538;4;0.199008325785;0.495837107692;0.000306155692308
_alf_btc;20/50;1440;None;0.1;-0.25;0.199314481477;0.342759261538;4;0.199008325785;0.495837107692;0.000306155692308
_alf_btc;20/50;1440;None;0.0;-0.25;0.199314481477;0.342759261538;4;0.199008325785;0.495837107692;0.000306155692308
_alf_btc;50/200;1440;None;0.0;0.0;0.199314481477;0.342759261538;4;0.199008325785;0.495837107692;0.000306155692308
_alf_btc;50/200;1440;None;0.0;-0.1;0.199314481477;0.342759261538;4;0.199008325785;0.495837107692;0.000306155692308
_alf_btc;50/200;1440;None;0.0;-0.25;0.199008325785;0.495837107692;4;0.199008325785;0.495837107692;0.0
_amc_btc;5/8;15;None;0.0;0.0;0.191396422326;4.30178883718;39;0.199795442194;0.102278903226;-0.0083990198679
_amc_btc;5/8;15;None;0.25;0.0;0.196280610542;1.85969472882;28;0.199795442194;0.102278903226;-0.00351483165119
_amc_btc;5/8;15;None;0.1;0.0;0.192060927547;3.96953622674;31;0.199795442194;0.102278903226;-0.00773451464702
_amc_btc;5/8;15;None;0.0;-0.1;0.191684509286;4.15774535711;35;0.199795442194;0.102278903226;-0.00811093290777
_amc_btc;5/8;15;None;0.1;-0.1;0.191936698142;4.03165092898;31;0.199795442194;0.102278903226;-0.00785874405152
_amc_btc;5/8;15;None;0.0;-0.25;0.192535146645;3.73242667765;29;0.199795442194;0.102278903226;-0.00726029554884
_amc_btc;5/8;15;None;0.25;-0.1;0.19615365175;1.92317412484;28;0.199795442194;0.102278903226;-0.00364179044324
_amc_btc;5/8;15;None;0.1;-0.25;0.192789879052;3.60506047406;25;0.199795442194;0.102278903226;-0.00700556314167
_amc_btc;10/21;15;None;0.0;0.0;0.193037352228;3.48132388617;27;0.199795442194;0.102278903226;-0.00675808996589
_amc_btc;10/21;15;None;0.1;0.0;0.193713027772;3.14348611379;19;0.199795442194;0.102278903226;-0.00608241442112
_amc_btc;5/8;15;None;0.25;-0.25;0.192789879052;3.60506047406;25;0.199795442194;0.102278903226;-0.00700556314167
_amc_btc;10/21;15;None;0.25;0.0;0.197893001453;1.05349927374;14;0.199795442194;0.102278903226;-0.00190244074102
_amc_btc;10/21;15;None;0.0;-0.1;0.19356064508;3.21967745998;19;0.199921690267;0.0391548666667;-0.00636104518663
_amc_btc;10/21;15;None;0.1;-0.1;0.194056759913;2.97162004365;15;0.199921690267;0.0391548666667;-0.00586493035396
_amc_btc;10/21;15;None;0.25;-0.1;0.194313347545;2.84332622745;11;0.199921690267;0.0391548666667;-0.00560834272156
_amc_btc;10/21;15;None;0.0;-0.25;0.194060342694;2.96982865317;15;0.199921690267;0.0391548666667;-0.00586134757301
_amc_btc;10/21;15;None;0.25;-0.25;0.194476033269;2.76198336557;11;0.199921690267;0.0391548666667;-0.0054456569978
_amc_btc;10/21;15;None;0.1;-0.25;0.194252371316;2.87381434219;13;0.199921690267;0.0391548666667;-0.00566931895104
_amc_btc;5/8;30;None;0.0;0.0;0.191453626269;4.27318686535;29;0.199795442194;0.102278903226;-0.00834181592426
_amc_btc;5/8;30;None;0.1;0.0;0.19557742525;2.21128737503;26;0.199795442194;0.102278903226;-0.00421801694361
_amc_btc;5/8;30;None;0.25;0.0;0.196096006795;1.95199660232;22;0.199795442194;0.102278903226;-0.00369943539819
_amc_btc;5/8;30;None;0.0;-0.1;0.191480058024;4.25997098784;27;0.199795442194;0.102278903226;-0.00831538416922
_amc_btc;5/8;30;None;0.1;-0.1;0.19560442633;2.19778683525;24;0.199795442194;0.102278903226;-0.00419101586405
_amc_btc;5/8;30;None;0.0;-0.25;0.191851367606;4.07431619716;23;0.199677084625;0.1614576875;-0.00782571701931
_amc_btc;5/8;30;None;0.1;-0.25;0.192071898377;3.96405081146;21;0.199677084625;0.1614576875;-0.00760518624791
_amc_btc;5/8;30;None;0.25;-0.25;0.192474838466;3.76258076678;19;0.199677084625;0.1614576875;-0.00720224615857
_amc_btc;5/8;30;None;0.25;-0.1;0.195815255613;2.09237219368;22;0.199795442194;0.102278903226;-0.00398018658091
_amc_btc;10/21;30;None;0.1;0.0;0.194078927341;2.96053632938;11;0.199648642109;0.175678945736;-0.00556971476729
_amc_btc;10/21;30;None;0.25;0.0;0.194195015517;2.9024922413;9;0.199648642109;0.175678945736;-0.00545362659113
_amc_btc;10/21;30;None;0.0;-0.1;0.194078927341;2.96053632938;11;0.199648642109;0.175678945736;-0.00556971476729
_amc_btc;10/21;30;None;0.1;-0.1;0.194078927341;2.96053632938;11;0.199648642109;0.175678945736;-0.00556971476729
_amc_btc;10/21;30;None;0.25;-0.1;0.194195015517;2.9024922413;9;0.199648642109;0.175678945736;-0.00545362659113
_amc_btc;10/21;30;None;0.0;0.0;0.194078927341;2.96053632938;11;0.199648642109;0.175678945736;-0.00556971476729
_amc_btc;10/21;30;None;0.0;-0.25;0.193881376266;3.05931186682;11;0.199648642109;0.175678945736;-0.00576726584217
_amc_btc;10/21;30;None;0.1;-0.25;0.193881376266;3.05931186682;11;0.199648642109;0.175678945736;-0.00576726584217
_amc_btc;10/21;30;None;0.25;-0.25;0.194195015517;2.9024922413;9;0.199648642109;0.175678945736;-0.00545362659113
_amc_btc;5/8;60;None;0.0;0.0;0.192194194731;3.90290263462;25;0.199795442194;0.102278903226;-0.0076012474628
_amc_btc;5/8;60;None;0.1;0.0;0.196594000816;1.70299959217;20;0.199921690267;0.0391548666667;-0.003327689451
_amc_btc;5/8;60;None;0.25;0.0;0.197100366419;1.44981679069;16;0.199921690267;0.0391548666667;-0.00282132384804
_amc_btc;5/8;60;None;0.0;-0.1;0.192115240921;3.94237953961;25;0.199795442194;0.102278903226;-0.00768020127276
_amc_btc;5/8;60;None;0.1;-0.1;0.196535830247;1.73208487661;20;0.199921690267;0.0391548666667;-0.00338586001988
_amc_btc;5/8;60;None;0.25;-0.1;0.19704204602;1.47897698986;16;0.199921690267;0.0391548666667;-0.00287964424638
_amc_btc;5/8;60;None;0.0;-0.25;0.193011165648;3.49441717605;19;0.199677084625;0.1614576875;-0.00666591897711
_amc_btc;5/8;60;None;0.1;-0.25;0.19275605908;3.6219704601;17;0.199921690267;0.0391548666667;-0.00716563118687
_amc_btc;10/21;60;None;0.0;0.0;0.19426211233;2.86894383514;11;0.199795442194;0.102278903226;-0.00553332986383
_amc_btc;10/21;60;None;0.1;0.0;0.198218554681;0.890722659421;10;0.199795442194;0.102278903226;-0.00157688751239
_amc_btc;5/8;60;None;0.25;-0.25;0.193131182369;3.43440881565;15;0.199921690267;0.0391548666667;-0.00679050789797
_amc_btc;10/21;60;None;0.25;0.0;0.198218554681;0.890722659421;10;0.199795442194;0.102278903226;-0.00157688751239
_amc_btc;10/21;60;None;0.1;-0.1;0.19825040344;0.87479828013;10;0.199795442194;0.102278903226;-0.00154503875381
_amc_btc;10/21;60;None;0.25;-0.1;0.19825040344;0.87479828013;10;0.199795442194;0.102278903226;-0.00154503875381
_amc_btc;10/21;60;None;0.0;-0.25;0.194492249927;2.75387503642;9;0.199795442194;0.102278903226;-0.00530319226638
_amc_btc;10/21;60;None;0.1;-0.25;0.194492249927;2.75387503642;9;0.199795442194;0.102278903226;-0.00530319226638
_amc_btc;10/21;60;None;0.25;-0.25;0.194492249927;2.75387503642;9;0.199795442194;0.102278903226;-0.00530319226638
_amc_btc;20/50;60;None;0.0;0.0;0.199379964778;0.310017611111;4;0.19818227237;0.908863814815;0.00119769240741
_amc_btc;20/50;60;None;0.1;0.0;0.199379964778;0.310017611111;4;0.19818227237;0.908863814815;0.00119769240741
_amc_btc;20/50;60;None;0.25;0.0;0.199379964778;0.310017611111;4;0.19818227237;0.908863814815;0.00119769240741
_amc_btc;20/50;60;None;0.0;-0.1;0.199416816852;0.291591574074;4;0.19818227237;0.908863814815;0.00123454448148
_amc_btc;20/50;60;None;0.25;-0.1;0.199416816852;0.291591574074;4;0.19818227237;0.908863814815;0.00123454448148
_amc_btc;20/50;60;None;0.1;-0.1;0.199416816852;0.291591574074;4;0.19818227237;0.908863814815;0.00123454448148
_amc_btc;20/50;60;None;0.0;-0.25;0.198790331593;0.604834203704;4;0.19818227237;0.908863814815;0.000608059222222
_amc_btc;10/21;60;None;0.0;-0.1;0.194293325387;2.85333730646;11;0.199795442194;0.102278903226;-0.00550211680647
_amc_btc;20/50;60;None;0.25;-0.25;0.198790331593;0.604834203704;4;0.19818227237;0.908863814815;0.000608059222222
_amc_btc;20/50;60;None;0.1;-0.25;0.198790331593;0.604834203704;4;0.19818227237;0.908863814815;0.000608059222222
_amc_btc;50/200;60;None;0.0;0.0;0.198790331593;0.604834203704;4;0.19818227237;0.908863814815;0.000608059222222
_amc_btc;50/200;60;None;0.1;0.0;0.198790331593;0.604834203704;4;0.19818227237;0.908863814815;0.000608059222222
_amc_btc;50/200;60;None;0.25;0.0;0.198790331593;0.604834203704;4;0.19818227237;0.908863814815;0.000608059222222
_amc_btc;50/200;60;None;0.0;-0.1;0.198790331593;0.604834203704;4;0.19818227237;0.908863814815;0.000608059222222
